1.697644335910686308e-03 4.087795511335199805e+00
4.768439420381409555e-03 1.790364647601338888e+01
9.646467874393938047e-03 -4.367430781184106436e+00
1.007142188715837161e-02 2.201977278107680291e+01
1.403223936664843574e-02 2.879564026709073410e+00
1.498912593549883709e-02 -2.480415744897166430e+00
1.548662156567026660e-02 6.156473348159893888e+00
1.960122338967840161e-02 -4.713834680571482139e+00
2.229756407535854468e-02 9.066675444996095123e+00
2.682001742591322291e-02 1.809809920435730968e+00
3.053409029745490777e-02 7.324246058582884800e+00
3.086836122136593641e-02 6.057267733363406848e+00
3.145428392926419292e-02 -1.556234026432945505e+00
3.297112698609261372e-02 -1.579949376623030144e+00
3.306399703667273204e-02 -1.761053035902977015e+01
3.405267776296094784e-02 -9.680798681788372662e+00
3.756692370357372912e-02 -9.566886567854252732e+00
4.933933018951708327e-02 6.793781725893768275e+00
5.229685882341239545e-02 8.384246171051019658e+00
5.591966779468371396e-02 1.708170884455014971e+01
5.703745245274882691e-02 -4.868571557646854231e+00
5.826681069783434808e-02 -1.240421317702846871e+01
5.968415558439155166e-02 1.204829542005557741e+01
6.191222178281430288e-02 -1.468379255470973810e+01
6.339014398566400477e-02 -8.420217287191029243e+00
6.820496430893374651e-02 4.876318434270518476e-02
7.152411281338277860e-02 -9.846195569046375384e-01
7.411279073007426277e-02 -2.283401738859971530e+01
7.415782091116052133e-02 -1.168697521128844663e+01
7.858374041628990447e-02 2.389159776400139279e+01
8.572656945259760075e-02 2.409246451069040162e+01
8.655119279477341276e-02 -1.866318289006010156e+00
9.267471172534080814e-02 -1.180353122096081675e+00
9.418665110769475213e-02 5.681824764671166150e+00
9.653845070362943037e-02 -5.476984994526334916e+00
9.732512385975755631e-02 -1.814667589610000853e+00
1.048999563329288121e-01 6.451081186981114435e+00
1.140738849125868537e-01 -4.903404998792471936e+00
1.159974723865593305e-01 7.864071586084608434e+00
1.176556661681410487e-01 2.375521972754785160e+00
1.190027393640804565e-01 -3.768673773014538320e+00
1.228784300267998786e-01 -2.889373872487121631e+00
1.289287610738300005e-01 -5.524130783784293897e+00
1.319720307609909549e-01 5.314246457685326774e+00
1.353882548035986177e-01 6.429648505287921534e-01
1.364701076291563453e-01 -1.335746180257052629e+01
1.378159411764919851e-01 2.141573293066456163e+00
1.500971259867917018e-01 -1.327000304735852865e+01
1.505269760552803149e-01 1.193725062160142691e+01
1.543065458758879904e-01 -2.825178280942676867e+00
1.594433028905364313e-01 9.089281493754029384e+00
1.609209321860244346e-01 1.063364784174114952e+01
1.615561579456818997e-01 -1.989549121241549923e+00
1.659378729734710678e-01 2.749218378843291788e+00
1.674880779668391773e-01 -3.979870389177425416e+00
1.730402630369444195e-01 1.024184914360423981e+01
1.731025121888482010e-01 3.514113148223423799e+00
1.737633838617037574e-01 8.688264977949886614e-01
1.767413078807811289e-01 1.485911600113932529e+01
1.807031475140857824e-01 9.463900129633364244e+00
1.811469749860203926e-01 8.699346190828737946e+00
1.824522033359475826e-01 4.057148116782837377e+00
1.846095196025469010e-01 -1.815824420826911423e+00
1.848898644422355408e-01 -2.441298179344492780e+00
1.972386700867539977e-01 4.694736165706874687e+00
1.976289099166904650e-01 -2.089662435806600271e+00
2.002087965328187558e-01 -9.823259058858972992e+00
2.038280723804537509e-01 -2.429904162073417417e+00
2.038881656407159904e-01 -8.054140483302214548e+00
2.089181637682934189e-01 -2.237020127691691229e+00
2.097431999161195604e-01 1.001208950431972777e+00
2.101922037032586399e-01 -3.731738296513027020e+00
2.113758420941985738e-01 -4.505108114184619872e+00
2.147193600226173782e-01 3.002589332366198516e+00
2.149432151557109094e-01 9.718942111799844241e+00
2.167175920585173721e-01 -1.002065972140118610e+00
2.167837443585545198e-01 -1.026640152641454051e+01
2.206446470040145380e-01 -2.671203604991875480e+00
2.209878623132656150e-01 8.751812863891007765e+00
2.275314252407159010e-01 -4.946867284918261554e+00
2.283849496475038876e-01 -4.932704541419817845e-01
2.294460057663622043e-01 -2.249129273078635194e+00
2.305792025687094515e-01 -4.271161730997427242e+00
2.362321908104082491e-01 8.878539766656995624e+00
2.434799538943943631e-01 5.940347934399566654e+00
2.470899416041958396e-01 1.621009511217117449e+01
2.533541856470433729e-01 -2.606331010974286322e+00
2.611956419256551420e-01 3.908998767167068955e+00
2.660980955248913871e-01 4.435010229264646497e+00
2.677501155535305655e-01 2.794742102019520225e+00
2.707903866540984916e-01 5.196150373886201379e+00
2.797172464809262182e-01 5.871613096768029116e+00
2.828805333129787991e-01 1.368845278806292676e+01
2.845270720972116196e-01 3.739301425947242130e+00
2.922454946753790805e-01 -5.417371502010941420e+00
2.935886394332483107e-01 1.045507556259629434e+00
3.021494728208427016e-01 -1.906635250758174083e+00
3.023109048503423990e-01 -3.033455359848652222e+00
3.074167700453738217e-01 -5.354667320400233521e+00
3.137195365623626220e-01 3.733013239701304720e+00
3.230277360380127138e-01 2.077773447973923027e+01
3.257743323255875012e-01 3.519363023337496621e+00
3.280407409005859920e-01 -3.913791891345842267e+00
3.306630088950397450e-01 1.157499771800105881e+00
3.352225023073994725e-01 -4.642580538260274725e-01
3.408337458335536363e-01 -1.434740222543020138e+01
3.469108496835350275e-01 5.410533680807188439e+00
3.507508367329079668e-01 -1.702365332242699836e+01
3.590474869903950150e-01 -5.187511291783867051e+00
3.650972218752278620e-01 -8.512494794286913802e+00
3.663824732663741868e-01 -1.661914994215652541e+01
3.679947934903263773e-01 3.495144321000910992e+00
3.686512465189341059e-01 -1.623312840902828347e+00
3.689026160288255696e-01 4.727226393733010568e+00
3.726349530855528336e-01 -2.454064953427289097e+01
3.733742760014382434e-01 2.456587612171129642e+00
3.740777664446046646e-01 -8.847749459829026719e+00
3.868382105406482641e-01 8.255857172982372205e+00
3.895819208525386212e-01 3.009444201008460329e+00
3.998692930246654509e-01 -3.733587165629828952e+00
4.002319764248915002e-01 1.811771302436207431e+00
4.059135474385379139e-01 -2.500999740910449187e+00
4.061367561010443827e-01 -8.537873256180224857e+00
4.089423940098465549e-01 -2.697838183620437036e+00
4.179252771365221664e-01 3.050985477074807051e+00
4.188206508111902426e-01 7.901549752161045603e+00
4.205307094413205382e-01 1.218679911308935893e+01
4.235238325701373707e-01 5.177474319795352997e+00
4.241594721096382248e-01 -1.344532743231863225e-01
4.244983016624073180e-01 -8.491594790243951252e+00
4.272974690906008455e-01 2.235714567408889852e+00
4.306212160003617395e-01 -3.181810949342362527e+00
4.313791103391286796e-01 -1.208596215336450719e+01
4.346938653354360804e-01 -1.017401321790518764e+01
4.398782115923154379e-01 1.381960509540978066e+01
4.490542687297848223e-01 1.344900772442405312e+01
4.510469572574147268e-01 7.626545220098060796e+00
4.519781820927240013e-01 -1.303523441455611476e+01
4.539783254911708976e-01 -8.936316095865253217e-01
4.562900829624169097e-01 6.612195749767231234e+00
4.579307152528453440e-01 -1.831005527137661737e+00
4.584441637156929650e-01 1.032833081152444521e+01
4.596519373263956432e-01 9.735107415764048255e+00
4.621008596715909800e-01 9.910191398486345449e+00
4.691321462635930084e-01 -5.125769805242139654e-01
4.735057729085546674e-01 8.878724416127626640e+00
4.758666690511316189e-01 1.958132356130312601e+01
4.824106378974923892e-01 -7.033654904064181590e-01
4.848947418882612048e-01 3.157972444046273530e+00
4.855731342685556395e-01 -5.888012724358297589e+00
4.882262873420812888e-01 7.501306149289982628e+00
4.888501901404874728e-01 -5.129018313239718907e+00
4.950460795437431338e-01 -2.301023682938842541e+01
4.982028943149351408e-01 8.037055310792469598e+00
4.991919680746734755e-01 5.399490899922776421e+00
5.033572872886573624e-01 -5.210981505432291883e+00
5.058302285349417504e-01 -1.079098035859382065e+01
5.058452912156321535e-01 5.220663437107312177e+00
5.060057218811387925e-01 -2.062018820729815971e+01
5.060613348539683143e-01 -5.219858611655880942e+00
5.133350012165581733e-01 -7.990021903290177363e+00
5.151160659804455699e-01 -6.198976235247679600e-01
5.161392788090171102e-01 -2.795920440216487446e+00
5.175993500845651463e-01 1.622740608236045157e+00
5.192071220819050037e-01 1.312484962790537146e+01
5.245092157787959453e-01 -1.412975232817768401e+01
5.253830690336125375e-01 2.957331239751108676e+00
5.277301766643821557e-01 -1.135183245699375298e+01
5.290257296310038049e-01 7.604382104871891812e+00
5.298099771652186041e-01 2.919088194634698930e+00
5.301193496132745597e-01 1.344275188506629881e+01
5.303218126723991954e-01 4.292042844033789883e+00
5.315297082037098164e-01 -1.167337801160909372e+01
5.316103821323512335e-01 -4.678303067236071477e+00
5.352073741465350754e-01 2.088244562956739969e+01
5.432013412828882171e-01 1.746769641373010984e+01
5.453208884315253746e-01 -1.099125696168443467e+00
5.484077705860381791e-01 -8.817031579201910496e-01
5.507333005741031906e-01 4.404886874113916662e+00
5.521835924553781805e-01 4.448997657695735519e+00
5.619565880314024708e-01 -2.799413862024810129e+00
5.764695278225407948e-01 4.174455850935472334e+00
5.795404482338217811e-01 -2.361484707080951484e+00
5.803369507475910627e-01 8.592038332318784555e+00
5.909065310544880933e-01 1.519008712903079683e+01
5.915737974788163323e-01 -3.208353496361817658e+00
5.932978091543673616e-01 6.005956630566008592e+00
5.936249086736036240e-01 2.358146680361917102e+00
5.962776802034449597e-01 9.501977858803224208e+00
5.971863035866753489e-01 3.924852606213434569e+00
5.989826317453971205e-01 -5.834877013934756107e-01
5.992883115975966568e-01 7.794197836618199204e+00
6.002295196778359987e-01 -5.739418863362693912e+00
6.015108608019011927e-01 -1.037806090062037079e+01
6.015588469657713322e-01 -1.131512996665459525e+01
6.037838946074275404e-01 5.915268654891772115e-01
6.063487253587632742e-01 2.978706629902367453e+00
6.079003091271438786e-01 1.772799781080812664e+01
6.086918046783739156e-01 4.683143117634964270e+00
6.133652948386533188e-01 7.213263657186182343e+00
6.147731675398494522e-01 6.625491088185421873e+00
6.154302893675313024e-01 2.189122665129904632e+01
6.160085544104254573e-01 7.600432659017173798e+00
6.189716827607436578e-01 -9.261549772024224580e+00
6.196858170076041672e-01 4.680718224451386078e+00
6.232643302514944139e-01 -6.212538193270118470e+00
6.324448353757899932e-01 -4.599661864630832042e+00
6.325055117788446202e-01 -1.040135347751117934e+01
6.407092899938872099e-01 1.263030037224056912e+01
6.439117064086534725e-01 2.023474330206656191e+01
6.535348835620838903e-01 9.692546382030929664e+00
6.542679639436062011e-01 2.635256008030321340e+00
6.589753232153903184e-01 -8.389964515141739021e-01
6.659067219746788169e-01 -1.079291417434605194e+01
6.685066290441489256e-01 9.201071880514307466e+00
6.711061522710539684e-01 4.160460518553089848e+00
6.721732116562649795e-01 1.710829614238873475e-01
6.771404709855318726e-01 1.654530506449996352e+01
6.784475837152296185e-01 -1.911150420387544102e+01
6.841184911679047964e-01 -2.804636874159647686e+00
6.863302745025249285e-01 9.436100465470053322e+00
6.880268402147512452e-01 1.879741406999405484e+01
6.906028120842443441e-01 2.235303135510173789e+00
6.915119636314129847e-01 1.846759297920293585e+00
6.982440265104840060e-01 -7.384566820893770256e+00
7.002438998898091738e-01 -1.664647037233470783e+01
7.026289589679262093e-01 4.121335871897562342e+00
7.125916461131411861e-01 -9.608879549491607719e+00
7.143769688878705004e-01 1.052898479584404257e+01
7.152121976656283797e-01 6.256835719806392859e+00
7.173593259289796631e-01 -1.033136029823414503e+01
7.174764743071118112e-01 -9.643084155584492834e+00
7.184690825943325088e-01 1.404076134385817021e+00
7.220423293600402026e-01 1.403093375016960564e+01
7.288554189212933521e-01 6.391709929657679368e+00
7.299033503142549062e-01 -8.345393945373871247e-01
7.321516180679119579e-01 -1.326471061528340556e+01
7.349286414446992710e-01 2.167091908378158571e+00
7.367141151039298119e-01 8.475263568647989132e+00
7.384817157934591147e-01 3.317213561769772667e+01
7.426152882769608832e-01 -7.163755503277080550e+00
7.479854544739955591e-01 -1.690316896593180473e+01
7.509605782702769572e-01 1.147142163454403452e+00
7.514338254481885970e-01 -1.673563570078288709e+00
7.534045073567208206e-01 6.595336623096477169e-01
7.543786381089987447e-01 2.381662013747085638e+01
7.552823946311669756e-01 1.273803289221776680e+01
7.558650116568595978e-01 -1.416367623280634902e+01
7.580879917523948297e-01 1.485696507373082120e-01
7.639302095836497664e-01 6.855749755124051603e+00
7.697478130556462128e-01 1.656553380204460879e+01
7.704508598907753303e-01 -1.285623334338585000e+00
7.710566157663900633e-01 -1.881617579140581142e+01
7.739488096762318081e-01 1.495467680234335006e+01
7.766337536651403139e-01 -1.901060990712137766e+01
7.790368004230473487e-01 -9.952534834929624985e-01
7.831812441928293067e-01 1.202785550773153389e+01
7.857039406560515360e-01 -1.969464722704163862e+01
7.874947711459331368e-01 -4.700594530649134128e+00
7.898934778264490308e-01 1.490780264024150270e+01
7.922821848116547994e-01 -6.443160782603905901e+00
7.995152873780952962e-01 6.932346925129142079e+00
8.011474678319611131e-01 4.090000015961266833e+00
8.029799221990943092e-01 8.867762808145046804e+00
8.030540116320010746e-01 8.555864860332803801e+00
8.061705056137324910e-01 1.283005048982379925e+01
8.066413518784275594e-01 2.217765462285798961e-01
8.082449837860976594e-01 1.675274396763351215e+00
8.111313554272592263e-01 2.540938115793652585e+01
8.124588999584719806e-01 2.972603668225494822e+00
8.143530833647640854e-01 8.793433345868765016e+00
8.187086265494268877e-01 -1.208743583062033622e+01
8.200013159367695037e-01 -3.110311727355695499e+00
8.260744564932831491e-01 -1.825581358418022404e+01
8.270919450979727916e-01 -1.281593691541772095e+01
8.300182471779111726e-01 5.549428231987530324e+00
8.310032443997812379e-01 7.681693247672640723e+00
8.355622217774759664e-01 1.209372879523344579e+01
8.356782367628924346e-01 2.050142151234520682e+01
8.364363140714490275e-01 4.898774770608483209e+00
8.386091044403651829e-01 1.224391986157174905e+01
8.429999273238796276e-01 2.896756216373808535e+00
8.449490213078721945e-01 -1.805066474024286549e+00
8.453068582005746068e-01 4.048083949213722832e+00
8.455288624782295592e-01 1.521572391387556245e+01
8.463549698456080961e-01 -7.285165134293727363e+00
8.464640320990863831e-01 3.038177318246584768e+00
8.472296239509142790e-01 7.854340057519280549e+00
8.500366600158156816e-01 -3.348378448565367371e+00
8.522355653116910901e-01 -1.630039947243239418e+00
8.533592326257082306e-01 2.204024775887487131e+00
8.544301165545556964e-01 2.571284626993601385e+00
8.548756272174116155e-01 4.070872496000784935e+00
8.580578257836178890e-01 -5.877984021956883076e+00
8.588345375184331942e-01 -7.256857690076213174e+00
8.608701126028622808e-01 1.902701569771933521e+01
8.635557107621230077e-01 -5.461221162581524347e-01
8.686101927530368583e-01 6.397067370899749861e+00
8.687586638179433107e-01 1.345626650385241874e+01
8.739607996147887858e-01 -5.498580215765949575e+00
8.740924082402558026e-01 -1.122725478555550360e+01
8.793040314506617161e-01 4.217749522213957825e+00
8.799092879023312497e-01 -1.580667205428111188e+01
8.864810119117338960e-01 2.490043410076863495e+01
8.871318874270530674e-01 1.275953558998449644e+01
8.890763091938967966e-01 1.214059947906623904e+01
8.917294621117582976e-01 -3.808337433327563470e+00
8.978880099524861880e-01 -7.195321712961959548e-01
8.979364690442538377e-01 2.060326885154491805e+00
8.982362986067596866e-01 -1.501865714896748472e+00
9.011166079276078378e-01 7.569520159412807203e+00
9.013085049682526551e-01 -6.551130213417783565e+00
9.016741488460144893e-01 1.281416411661678012e+01
9.072325946113523054e-01 1.312922099304866919e+00
9.080218161618303085e-01 -2.056577343176312578e+00
9.099822910593431402e-01 2.544380538852549378e+01
9.110203720755983836e-01 -3.953438543058218624e+00
9.359144466915222393e-01 8.089320494739833833e+00
9.373605581308809276e-01 9.453261959129648062e+00
9.397780187281197239e-01 9.608014027581823768e+00
9.410408750415187873e-01 -1.698437317943514202e+01
9.533824888952593390e-01 2.531685809109494922e+00
9.554612474939792044e-01 -5.284416232445513728e+00
9.576617988650913960e-01 -9.076985482188630883e+00
9.611422593528164970e-01 -9.271649743809227573e+00
9.656708881817301915e-01 2.457122366972575467e+00
9.693874116748195657e-01 9.225729836866960909e+00
9.713022353496583161e-01 1.951214463729689896e+01
9.764718888292132082e-01 1.060853557016192816e+01
9.771281888325691334e-01 9.874963945032675383e+00
9.817568062553291286e-01 4.086631813729198370e+00
9.853751211753070116e-01 1.127841654104066293e+01
9.901467070785616720e-01 1.182506124292862282e+01
9.926443427308138112e-01 1.514345434630269693e+01
9.972350032341119608e-01 8.686818990213600600e+00
1.002652188878248474e+00 -6.364412055327398399e+00
1.003183214171599502e+00 2.429806325011594481e+01
1.010203049115727669e+00 -3.676055886795108751e+00
1.010223187480049578e+00 7.764743686973210046e+00
1.013753568481752687e+00 -8.721377328908939575e+00
1.014026387086868652e+00 7.108192306051456022e+00
1.019986205437410476e+00 -1.210094928093219835e+00
1.021015458237875206e+00 1.005930034064220635e+01
1.025192911290935704e+00 -3.568340095621436614e+00
1.027243856830405644e+00 -1.464520761636184076e+01
1.029265582703990933e+00 1.747269191975474811e+01
1.037657164193968917e+00 9.726043661687199915e+00
1.041193625933309885e+00 4.006922069672900655e+00
1.043013645565793457e+00 -2.082913964989460798e+00
1.043162493426655235e+00 1.249469402657316763e+01
1.044115984081225523e+00 -3.143899773266760178e+00
1.050262025284433465e+00 -1.695045442929373536e+01
1.051171014214490995e+00 1.597535723536630314e+01
1.056384876808670326e+00 3.761417815160057465e+00
1.059772450578474245e+00 3.403055605213713974e-01
1.060152418136695696e+00 -3.333243479136217768e+00
1.060290867709302143e+00 6.641916797610687873e+00
1.063316939700999386e+00 6.272335005809494213e+00
1.064510112539380327e+00 -3.213410058758829457e+00
1.068782553383675893e+00 6.347804526618238796e+00
1.073757095659836125e+00 7.964167692238930840e+00
1.077189429190169134e+00 -4.990011408308639318e+00
1.079491288232967250e+00 1.910791744468838615e+01
1.084321255245357607e+00 9.102854862219139420e+00
1.084850356912895553e+00 1.128006833184451807e+01
1.092682992529059982e+00 -7.205863825195388372e+00
1.095951638926866423e+00 5.020312428336181299e+00
1.098233075318721497e+00 -1.284979713893728448e+00
1.101706496118337153e+00 -3.722458389925518141e-01
1.110001897851014885e+00 -1.268740676012731328e+01
1.115931501178976992e+00 1.637205461868951772e+01
1.118827348149722400e+00 -1.568437158294764799e+01
1.120965505883772639e+00 -7.789482115069258583e+00
1.122277200489736559e+00 -1.340156656749460939e+00
1.124561878018689010e+00 1.464008467572561045e+01
1.127746087378986850e+00 1.255824142874841876e+01
1.129147046211437466e+00 6.339660869636944085e+00
1.132542552989435514e+00 5.210152424406784277e+00
1.134279837888058973e+00 9.721502156039052878e+00
1.138810368077819657e+00 2.537015246378097277e+00
1.140365325007828057e+00 -2.737283563942284559e+00
1.141785723434775690e+00 1.699740208814973741e+01
1.149269079400576432e+00 -6.079140898195023013e+00
1.150153966659457128e+00 -6.835136442599533346e+00
1.150697180673528885e+00 -1.209876011474059609e+01
1.152142061209030732e+00 1.616478409702473584e+01
1.156245160489826285e+00 4.589252185944400431e+00
1.157162027420236772e+00 2.939342445782333613e+00
1.160167372587657564e+00 -6.736374383291710899e+00
1.163029631862698476e+00 6.929729243695228469e+00
1.169102685743270698e+00 -1.250604952049805618e+01
1.174329078928325831e+00 1.493727596435840788e+01
1.179196917342785866e+00 -1.646180213184583607e+01
1.181093317809545518e+00 2.419352534400479726e+01
1.185448433769006105e+00 -7.578334094434241663e+00
1.186231792571695198e+00 -8.180810664110421015e+00
1.187063273555245768e+00 4.063654081803901974e+00
1.187206879554389083e+00 -1.683862928487853594e+01
1.190058816389823360e+00 -1.708895747747513738e+00
1.193738471004491153e+00 3.687105539064827298e+00
1.193743357739164956e+00 1.500832298018671196e+01
1.194133067372015411e+00 7.510189662782140729e+00
1.202370274342728695e+00 3.086204552394173817e+01
1.202892086454375287e+00 5.521295550681382558e+00
1.203513193663526382e+00 4.222391754143020925e+00
1.205370362954252927e+00 -3.220796771881076381e+00
1.206409980851110841e+00 -2.774309734428914709e+00
1.208755958312647927e+00 -5.067926163134096385e+00
1.220759042144906381e+00 -2.359277272698154349e+00
1.227667369932749830e+00 4.215986696868224470e+00
1.229553061889581356e+00 1.081769759349745996e+01
1.231079290917502789e+00 -1.269475595985628402e+01
1.232480550097378336e+00 1.031288849262992890e+01
1.233482599334117191e+00 -1.229338144688544965e+01
1.233545518265221075e+00 1.435997294901508070e+00
1.239369491924628752e+00 -1.517429051865608258e+01
1.240058430542992030e+00 5.600258579277365811e+00
1.241584177888355178e+00 6.309180197552109348e+00
1.244513744146385159e+00 -6.639158627233459953e+00
1.245847543761568366e+00 4.536600660547717823e+00
1.248972797675081736e+00 -1.022684331391150714e+01
1.249122587460807843e+00 -6.752870644503742525e+00
1.253771110830583790e+00 -2.111133789051331533e-01
1.262910655568604934e+00 -1.351570131259454932e+01
1.263830942040944816e+00 -8.390486778550080516e+00
1.269780235523817025e+00 -5.217435644871311951e+00
1.270365613437180574e+00 3.397136071740962215e+00
1.272637310912541508e+00 -9.370603589282003654e+00
1.277699282431984606e+00 -1.239642450878833069e+00
1.284072623149105308e+00 9.617811940708634877e-01
1.286033921617393938e+00 -5.956117945890901932e-01
1.289351289201873030e+00 3.818396078218133205e+00
1.291517249659135391e+00 7.323362843224587859e-01
1.292902782122721916e+00 -6.244401233732187251e+00
1.294196162059312538e+00 -2.144432547805583233e+00
1.299597794930765104e+00 2.454301052343286660e+00
1.299862048190018715e+00 1.994740815493878161e+00
1.304600171565714506e+00 1.449136116012568820e+01
1.309490411572012736e+00 -6.138291579183669633e+00
1.313879807268991229e+00 1.173709740241029742e+01
1.313883020915520783e+00 1.505662696442628601e+01
1.316792979091421012e+00 -6.656645638732427095e+00
1.321083558329575691e+00 1.678862361868281994e+01
1.323141950166982550e+00 6.909050810099119033e+00
1.324928665858541077e+00 -5.225961736153333703e+00
1.326832185422763821e+00 -4.382605089682305000e+00
1.333898117332496636e+00 8.743804900264230184e+00
1.338957688390765011e+00 -6.875915086103914220e-01
1.339132558822766494e+00 1.805199027080625029e+01
1.339386989790827709e+00 -1.676536338845766849e+01
1.350383200454254640e+00 6.888346128929409007e-01
1.354411158759102785e+00 -3.722756006765572501e+00
1.356816207002984775e+00 -1.504784212490915785e+01
1.356917128958287311e+00 1.922537889030770231e+01
1.363586305650408059e+00 -4.207013655904983551e+00
1.364881127924037596e+00 7.610544594815039865e+00
1.365408965619948622e+00 -9.554045547713748698e-01
1.367706837723088986e+00 -1.781859245508337519e+00
1.370627582153991053e+00 -5.574394631336087036e-01
1.375882753479800380e+00 -2.074027954013300956e+01
1.377370848852040197e+00 8.311103515671806719e+00
1.389536529752909422e+00 -1.300981328198914433e+01
1.393123324158461518e+00 1.191401957962628622e+01
1.406414396832148750e+00 8.906747580180072177e+00
1.408915033544928974e+00 -1.119190448684430272e+01
1.409978818274688850e+00 7.121922797252462800e+00
1.411023005185518819e+00 -2.189731503470752294e+00
1.412717364788398378e+00 1.445593776338993486e+01
1.413896887311750117e+00 -4.991183244089126170e+00
1.418260807111304533e+00 -1.147068608953355451e+01
1.419571190863987198e+00 7.560467783002628117e+00
1.421060793416687229e+00 2.711455176312748350e+00
1.422572112078391626e+00 -5.407638057653030295e+00
1.425168079939559629e+00 1.459596519749035259e+01
1.427929105298074264e+00 -4.227890448689416658e+00
1.430247870963544887e+00 2.930107263903598991e+00
1.430803655424726983e+00 -2.032984943234821529e+01
1.433043426571924073e+00 2.399639424063423121e+00
1.437028235294879108e+00 3.401881717961726004e+00
1.439377276530037664e+00 2.672715805522989374e-01
1.440492214155640216e+00 1.194886964357051218e+00
1.445051701357092933e+00 -2.034632482114689367e+01
1.447075831355416398e+00 -1.503986233307652931e+01
1.447255872473725447e+00 5.172189170847927286e+00
1.448003749214644476e+00 -5.724759779242125646e-01
1.448570182333701606e+00 1.410455518036725842e+01
1.454918924627927712e+00 -3.721459576075915265e+00
1.456427981903012370e+00 -1.952783125635446737e+01
1.457317787720167956e+00 -5.514420039787683692e+00
1.457617780941039776e+00 -2.203894414788829526e-01
1.465733249999081611e+00 4.028558770440344716e+00
1.469189574385393993e+00 -1.411688983731303715e+01
1.470638869012774963e+00 1.360188408033823748e+01
1.472536447600702569e+00 -2.359625083520965561e+00
1.473670077360771158e+00 5.981146075903620574e-01
1.476046309773272114e+00 -1.746515309623084633e+01
1.479370756440731460e+00 5.477067957017228039e+00
1.480961804429829165e+00 -2.139094461875338382e+01
1.481024567988818763e+00 -1.565994107508699962e+01
1.482388347571404585e+00 -1.191456765721609479e+01
1.483131183926802876e+00 -3.801486423722495012e+00
1.483227376935769115e+00 -2.559949907454760520e+01
1.485058888976585445e+00 3.522116833218227328e+00
1.486571286668689540e+00 4.126513347404410226e-01
1.487046075722698646e+00 7.547835275120132081e+00
1.490589277796996015e+00 -4.349879466235432091e+00
1.490945462156229695e+00 -1.221505341990500249e+01
1.497438474324579216e+00 5.695475134438326315e+00
1.502375132412730352e+00 1.603760333321201159e+01
1.503104836637460195e+00 2.201511045793303811e+00
1.504771593650148453e+00 7.179511960700315498e-01
1.508133607683207256e+00 -4.477899355090484868e+00
1.514240643144141307e+00 -1.818389539492067275e+00
1.518642734240916337e+00 -1.931793373271998737e+00
1.519351521381324233e+00 6.383274855839640161e-01
1.520943640423169541e+00 -1.658467508606925378e+01
1.522349269859023524e+00 -2.205752755494030382e+01
1.524422473361311869e+00 5.930902095721521050e+00
1.528364865809328510e+00 2.036230339777321774e+01
1.531320058529013206e+00 -7.857893514840643689e+00
1.531358254994588997e+00 -7.346029704080388356e+00
1.532769791124125591e+00 -4.709020513846136957e+00
1.547501761870478942e+00 -1.409469151721157942e+00
1.548216557443898189e+00 -3.088368760676246438e+00
1.553129016888671332e+00 1.271543756042729179e+00
1.565233942408442047e+00 -2.386761512704917720e+01
1.569893852146289071e+00 -9.699499418581954302e+00
1.571003372865842351e+00 -2.461530695072196906e+00
1.571362051840694551e+00 1.884458427218896226e+00
1.582937282451527539e+00 1.209960926389778635e+01
1.584221622241483551e+00 -4.606764729401284342e+00
1.586202201964216130e+00 -1.768931447725725903e+01
1.587547609994001352e+00 -2.340620416208799792e+00
1.589088769077971142e+00 -1.299207038239962664e+01
1.590696127681498151e+00 -2.493835347072757003e+00
1.591054093981151718e+00 4.279232242845214529e+00
1.591394261881010852e+00 -6.443109918463346020e+00
1.592870068350735302e+00 -1.088067302610937048e+01
1.594281475527804748e+00 1.205496510665051346e+01
1.600252321524787469e+00 -9.238304252167433006e-01
1.601285501420948165e+00 -4.701819531256480111e+00
1.606821644731833754e+00 -8.388035749241826267e+00
1.607015057490443377e+00 6.470344608172314160e+00
1.607347940542687814e+00 -1.280927475170713592e+01
1.608580567055768018e+00 -3.126094916107090782e+00
1.609895210533043741e+00 -3.162389885579937054e+00
1.615153786888124054e+00 -7.958285896753777955e+00
1.615758144727440060e+00 -2.454332844177493556e+01
1.619730442784368840e+00 -2.382020537126727078e+01
1.623294357363706863e+00 -1.594648037016045805e+01
1.624128367218539815e+00 -9.528797821108295096e+00
1.625149986332351304e+00 -4.635765621810824300e+00
1.626581574545488573e+00 -4.004809241829133448e+00
1.627389658679308848e+00 2.609812462451372994e+00
1.629454276555319492e+00 3.574166246268555724e+00
1.640039616127330513e+00 1.896392582125539406e+00
1.642604795296395359e+00 -6.530165005039212822e+00
1.643943653568294305e+00 -1.661612964478718624e+01
1.644262617443251084e+00 -1.576497586969078313e+01
1.646351568886392336e+00 3.125368265552362246e+00
1.647646940971083218e+00 -1.621596554078011287e+00
1.651275371280568116e+00 -2.331983292555173115e+00
1.665100387850233510e+00 -8.420748104368646736e+00
1.669138426996924274e+00 -9.893640096680281104e+00
1.669862831663730063e+00 -2.391636092735526375e+01
1.673858756509131407e+00 -1.398881038404924126e+01
1.676490987875611127e+00 -9.091699789725184999e+00
1.680220449387122450e+00 -1.026942760049193915e+01
1.687997144550373640e+00 -1.315673088977340655e+01
1.688871724285169629e+00 -3.751972957697353195e+01
1.690450230675283105e+00 -1.819660040090752773e+01
1.699985473472660935e+00 -6.793988316581040188e+00
1.701234558960341925e+00 -1.109101492470279027e+01
1.701541615552252029e+00 -1.503883696425026884e+01
1.702421659838945445e+00 -1.701207660578068825e+01
1.704613386873719438e+00 -2.033832081609770626e+01
1.706254540433244982e+00 -1.013110268070551889e+01
1.707326857425781608e+00 3.682557699797493811e+00
1.707551128911065863e+00 -6.384742886340508683e+00
1.708718301973062070e+00 -2.961204847802645901e+01
1.713897763504948379e+00 -8.943059731645270460e+00
1.715699978846838114e+00 -2.790663297909852858e+01
1.720180784854892009e+00 -2.035929515284118807e+00
1.720368230146005484e+00 -2.695110441136188584e+01
1.721216819364537187e+00 -4.854445941452334878e+00
1.724835467928417465e+00 -1.410753911858198961e+01
1.726377269607067166e+00 6.798737508200481727e+00
1.727072463909359090e+00 -1.249711073051419596e+01
1.730539301547013853e+00 -3.913824939818788096e+00
1.733845298349796504e+00 -1.822282612785433642e+01
1.743663451649717588e+00 -3.351357864250651630e+00
1.744204322982814137e+00 -1.846230256305175033e+01
1.744460593710207785e+00 -6.728990519449853380e+00
1.751490550136368674e+00 -5.096238106820178970e+00
1.763188226407879755e+00 -4.455383585699326687e+00
1.768811639470401209e+00 -1.254791496278113527e+01
1.769692166633424213e+00 -1.140200626918249327e+01
1.771611689174639181e+00 -2.488968032403761299e+01
1.772779468953098680e+00 -2.529947784761576202e+01
1.775474186028328072e+00 -7.897635066817976224e+00
1.775824123055503634e+00 -3.346501094898387407e+01
1.778028531992453365e+00 -2.236142858983221515e+01
1.781718863628577232e+00 -5.693406911030219675e+00
1.784439422311596690e+00 -1.142059933094632740e+01
1.784913640148815706e+00 -1.838132544892945930e+01
1.786252670309894874e+00 -9.516231349627268798e+00
1.786596197709145795e+00 -1.326384236399794680e+01
1.790202428279261238e+00 -7.207114714138507239e+00
1.791509444284622221e+00 -3.166665533565974755e+01
1.793732848167051142e+00 -4.466703280276341559e+00
1.800886125608459842e+00 -1.481499157064322247e+01
1.801534565632425089e+00 -2.243992831854187031e+01
1.801872822007702712e+00 -2.877785631436410441e+01
1.808466650533522291e+00 -2.021807079989044098e+01
1.808527817553852390e+00 8.242563217132584441e+00
1.808751467584865935e+00 -3.171298913140104503e+01
1.809161337105848588e+00 -1.522839587046472154e+01
1.811442221308968037e+00 -6.981590998657225100e+00
1.825717795332143734e+00 -1.689456937667576142e+01
1.831513720029155134e+00 -1.605025717356165416e+01
1.833159788234616894e+00 -2.285160014791950189e+01
1.836725468032102127e+00 -8.248085642385685645e+00
1.839939162833984954e+00 -2.717121005983398163e+01
1.844909491772621646e+00 -1.792893814299535649e+01
1.848544821820287343e+00 -1.821419753488653015e+01
1.850334463877608915e+00 -2.665012769368934542e+01
1.851092563597395380e+00 -1.581357398942446757e+01
1.861773444157929003e+00 -4.334923961079513788e+01
1.862035518912167120e+00 -3.498549115640406626e+01
1.867438183311374900e+00 -2.720496566172714026e+01
1.873154521231124026e+00 -1.611786748744035336e+01
1.878489357651499825e+00 -3.618234328614801143e+01
1.884720915630481164e+00 -3.839888783972966735e+01
1.887322968230454201e+00 -3.466944056563505683e+01
1.889538979969177523e+00 -3.963891433345705906e+01
1.890299393433009678e+00 -5.144061632866426237e+01
1.893789037400965380e+00 -3.568117114727991890e+01
1.895314138240955515e+00 -1.279029544528814810e+01
1.897925272142061637e+00 -1.840366640481950000e+01
1.898619973229231928e+00 -3.846041049152924529e+01
1.900339134389142259e+00 -3.405707888259401983e+01
1.906863199759971650e+00 -3.752874017527409478e+01
1.910349992190712332e+00 -1.015685915325072841e+01
1.913342794562596039e+00 -2.014807985139184154e+01
1.915043743338151749e+00 -2.605917724279267134e+01
1.916527211508595396e+00 -5.420338597518555446e+01
1.921742556935150725e+00 -3.032269158341796711e+01
1.923147706083520259e+00 -1.992313601133909629e+01
1.923560297884250758e+00 -3.899533611784683274e+01
1.925651754433184815e+00 -4.094398872392655875e+01
1.926429118086720127e+00 -5.282202864655756969e+01
1.927488108667820832e+00 -3.947457971419019174e+01
1.928909626348164874e+00 -3.761972793091340606e+01
1.933757661437403019e+00 -2.422354163798672033e+01
1.934228667795549139e+00 -4.730103124797385306e+01
1.935022489947671565e+00 -1.985655291003586598e+01
1.936899396330306278e+00 -4.691153380326510103e+01
1.939083460383719038e+00 -5.248248075529672008e+01
1.940770630348672476e+00 -4.253641156847928073e+01
1.941250690557281278e+00 -4.057821612473263428e+01
1.941413495336425044e+00 -3.295840957662878878e+01
1.948758655727870659e+00 -2.225810289223453253e+01
1.948956552705409351e+00 -2.664850852435447237e+01
1.952224641263936800e+00 -2.999119159070652785e+01
1.953229468878969755e+00 -4.695604055629430462e+01
1.954706712896296716e+00 -2.935942856477212359e+01
1.957162488449830207e+00 -4.362199838627460480e+01
1.967441223631499980e+00 -4.284616665414280590e+01
1.971153609991092903e+00 -4.679474548411973700e+01
1.977728183275695217e+00 -3.692307975429014277e+01
1.980917417789420210e+00 -4.115423977738311123e+01
1.987779698999494915e+00 -4.773774714037087818e+01
1.989385259021855479e+00 -6.517484706765797853e+01
1.989727962788440774e+00 -4.152319195105079075e+01
1.990954550575870563e+00 -4.193071533456771505e+01
1.993430468060537919e+00 -3.723173723291465365e+01
1.996806838801545414e+00 -4.511229550591308879e+01
2.000999299811118792e+00 -5.513714900045955858e+01
2.001804586639539085e+00 -5.600212620546191999e+01
2.004763354445088019e+00 -5.626722207188333158e+01
2.006068231913781474e+00 -4.796935195021378462e+01
2.006324547392202895e+00 -3.393626580607641330e+01
2.011841135201318131e+00 -4.863461038025077698e+01
2.011865046781303068e+00 -6.460478458782812083e+01
2.012230390015178116e+00 -5.092258061879746123e+01
2.014024486399059288e+00 -3.944369849766930969e+01
2.014074703221263363e+00 -5.750633634153668083e+01
2.021539315738586140e+00 -5.146925254325473276e+01
2.023267011988447273e+00 -3.807052151625553194e+01
2.025555714920998174e+00 -5.485169756807771080e+01
2.025938106272544115e+00 -4.338237058917403033e+01
2.027003561453233793e+00 -6.785803680378346314e+01
2.027439544788154357e+00 -5.599506601432705111e+01
2.027924914288364633e+00 -6.903003661570876659e+01
2.033214475080007855e+00 -6.778696475971833024e+01
2.040265196162793337e+00 -4.628991891553977212e+01
2.041907770939479505e+00 -6.851120849004512081e+01
2.048764967241604396e+00 -5.731635469210655742e+01
2.057640036630196345e+00 -5.906122912127147373e+01
2.058303743335933689e+00 -5.590384039098769620e+01
2.058614365048062833e+00 -6.101888643231077936e+01
2.069150609572842026e+00 -6.351964927878147193e+01
2.072102895698077596e+00 -6.685347009548178221e+01
2.078051974135135538e+00 -5.577171763963114159e+01
2.078821630833195044e+00 -6.532767697624866798e+01
2.082548382533341069e+00 -5.903853789576654520e+01
2.087046102789304136e+00 -5.563288274223647534e+01
2.087778661137599912e+00 -7.459915854674974867e+01
2.087988627353273063e+00 -5.676772116764808374e+01
2.088843838298366062e+00 -7.696390755591302479e+01
2.089271413483023032e+00 -6.891965683196617931e+01
2.091034040602537836e+00 -4.629893494702763945e+01
2.097531471701310046e+00 -6.123760593575531885e+01
2.097776622192984775e+00 -6.900449421578890963e+01
2.099258094656710760e+00 -7.199500580549751305e+01
2.101073458869370025e+00 -6.605498095801685565e+01
2.101582251126346890e+00 -6.889635391579192003e+01
2.101791935772981290e+00 -8.402634667854501060e+01
2.120990701971893877e+00 -7.279437010693489185e+01
2.122761407873910766e+00 -8.135259110792766535e+01
2.123995613472271060e+00 -7.379202997246929385e+01
2.124503123905716162e+00 -5.784184402556592630e+01
2.126960017454566199e+00 -6.873074556530835366e+01
2.128705302281514999e+00 -9.233300006316763131e+01
2.131139492506022748e+00 -8.107401605052945115e+01
2.139530838177734484e+00 -7.970461506177133515e+01
2.139542294708810299e+00 -7.201924758922541514e+01
2.140375259354827975e+00 -7.306384357326231793e+01
2.143085263232904492e+00 -9.054808406429840772e+01
2.152337849629810229e+00 -7.353557991982546582e+01
2.157508197610382261e+00 -9.681027589627144891e+01
2.158499965665538145e+00 -8.400089230879285651e+01
2.165479661310764747e+00 -9.235548262634041805e+01
2.165663700686707660e+00 -8.749585800781147782e+01
2.169997223391082475e+00 -8.627058463936353405e+01
2.170850857154936531e+00 -9.607243322333641800e+01
2.173584955204038049e+00 -1.003452106666033075e+02
2.174183844307451263e+00 -7.836120776735883453e+01
2.175855341898520479e+00 -9.293015427605303103e+01
2.178277543204745648e+00 -1.030170420982362316e+02
2.184072143679581135e+00 -9.659538846402763568e+01
2.184098117239164250e+00 -8.777077050416910708e+01
2.184986550224723878e+00 -9.386769962041428528e+01
2.185857909138536392e+00 -9.069880949876333887e+01
2.189049462920958256e+00 -9.354297358054462563e+01
2.199691230790549845e+00 -9.647389779195285087e+01
2.200860789314874832e+00 -9.758252399515460240e+01
2.202074029070571815e+00 -8.283720078650343055e+01
2.202663424431005712e+00 -1.028948011184938167e+02
2.202705667208237017e+00 -1.074320892117212907e+02
2.204683243960735339e+00 -9.940612576272259560e+01
2.207816382866264693e+00 -9.724096376925605512e+01
2.209628467030037235e+00 -8.628011030145157179e+01
2.214016169521723310e+00 -1.014151687397756234e+02
2.220567238315981129e+00 -1.081660804659649102e+02
2.235548039860532299e+00 -1.221860790409608768e+02
2.237045524141716868e+00 -1.370183704155751911e+02
2.237678958121790629e+00 -1.178796799061233997e+02
2.237686633833749994e+00 -1.059664293273292799e+02
2.237812094722866796e+00 -1.157579183433397247e+02
2.239124276247011824e+00 -1.135288037963724150e+02
2.239191100447242899e+00 -8.785492704645309914e+01
2.248610195708518500e+00 -1.161442224091036053e+02
2.250305160987454034e+00 -1.221671587957787750e+02
2.254274073754948482e+00 -1.253708025773757981e+02
2.258143054001077843e+00 -1.081307996541363963e+02
2.262399591852111591e+00 -1.335436421414200368e+02
2.263505650413638826e+00 -1.117155677575638748e+02
2.264318269600252176e+00 -1.310859590900770684e+02
2.264428788582868890e+00 -1.266636809846116307e+02
2.264441246495190629e+00 -1.144051207161634238e+02
2.269935164824595564e+00 -1.125512450664897983e+02
2.275878080465202125e+00 -1.332164706706981576e+02
2.279407964068294490e+00 -1.319242914425482809e+02
2.284945022135544956e+00 -1.286516073102789051e+02
2.286347461716720986e+00 -1.367139791718968524e+02
2.288057804940257789e+00 -1.317366953180676887e+02
2.293476114638997476e+00 -1.324052280528249810e+02
2.295218502109435121e+00 -1.551374225607268045e+02
2.295956751565231269e+00 -1.347363640670299390e+02
2.299840813629240532e+00 -1.275806995198030762e+02
2.299982977922619742e+00 -1.486243252841788376e+02
2.302759841309754307e+00 -1.448445716308139879e+02
2.313290365427432160e+00 -1.638427228711618397e+02
2.314232117435851777e+00 -1.651101033057923644e+02
2.314378192005578150e+00 -1.432928527513639665e+02
2.315285959464202570e+00 -1.336959220074382699e+02
2.317321278509394400e+00 -1.476609295602431473e+02
2.317575087350928875e+00 -1.333350754070527273e+02
2.318235784848761138e+00 -1.637741931438549159e+02
2.324442164086774731e+00 -1.528976565217352572e+02
2.324517039216916103e+00 -1.514088649538647360e+02
2.325397426302229675e+00 -1.733384135433867073e+02
2.330256170421702855e+00 -1.576303013112557494e+02
2.332671164110161399e+00 -1.727910897262915455e+02
2.347379335610768614e+00 -1.648569267666723306e+02
2.353203877454574489e+00 -1.582639175339078861e+02
2.360413972484040723e+00 -1.906902491727931306e+02
2.361870177295382955e+00 -1.710663011843309960e+02
2.364074071905122310e+00 -1.640974890897690557e+02
2.367793408556909895e+00 -1.615216704565959560e+02
2.370626749034663305e+00 -1.756613987894907609e+02
2.371905969994177354e+00 -1.777364869697021845e+02
2.373095385105213673e+00 -1.896586583096167544e+02
2.373436202081771640e+00 -1.817323221313737065e+02
2.373940164127634311e+00 -1.723402162054618714e+02
2.377213739806538939e+00 -1.664979430041962587e+02
2.393438704735379119e+00 -1.850608958614607786e+02
2.393987844388264286e+00 -2.003591514309612478e+02
2.396604370735722522e+00 -1.901407071579474461e+02
2.403714887528011879e+00 -1.942704891877073692e+02
2.404923202935079107e+00 -2.025072187591325701e+02
2.405330775587069869e+00 -1.923749049162088909e+02
2.406108051037833651e+00 -2.066845834194937765e+02
2.432531454537582682e+00 -2.321866117258999793e+02
2.433397396003544433e+00 -2.278365975266789292e+02
2.437414494078156579e+00 -2.400301054575606088e+02
2.437725268117001853e+00 -2.159064847567827314e+02
2.442579764951193777e+00 -2.191843529080723556e+02
2.449518602324853411e+00 -2.329483533991608510e+02
2.450527644046994080e+00 -2.317156501666109989e+02
2.452596928281773003e+00 -2.434309615009004801e+02
2.457617823175572980e+00 -2.476770943107147218e+02
2.462271777910364889e+00 -2.263975999869824420e+02
2.468402641565801581e+00 -2.459676593062621635e+02
2.468696555623347777e+00 -2.490342761105477507e+02
2.471727036064901295e+00 -2.458572330331973035e+02
2.472998539508523219e+00 -2.513520727752839150e+02
2.474165591084383387e+00 -2.506424947792851015e+02
2.478222730305922994e+00 -2.525258563536094698e+02
2.479952323513974655e+00 -2.500177090285527015e+02
2.481019484544734421e+00 -2.392654940298857014e+02
2.487887204983350031e+00 -2.782276668456063931e+02
2.493730997212393774e+00 -2.477660468065433577e+02
2.493841517006755382e+00 -2.614523356615426337e+02
2.497491516733887806e+00 -2.768120596687210195e+02
2.497887504257821689e+00 -2.761083395933181919e+02
2.498670382420996372e+00 -2.681320264920250906e+02
2.507305469678066778e+00 -2.991080610843002319e+02
2.507474028787596065e+00 -2.887057997287288913e+02
2.512012084546854318e+00 -2.816115402360502458e+02
2.512467588914711225e+00 -2.807082322456442398e+02
2.517161003918262363e+00 -2.786519517762264968e+02
2.518617952196607224e+00 -2.799219239052554826e+02
2.519994253634471271e+00 -2.794633806059006815e+02
2.521746734996837436e+00 -2.909078719741742134e+02
2.522561998305180797e+00 -2.898891678361123923e+02
2.525694407972228994e+00 -2.835847883721680773e+02
2.525771563351934201e+00 -3.065028261751600667e+02
2.530712139728039212e+00 -3.115112458708096028e+02
2.530754901379940858e+00 -3.138729465915724290e+02
2.530841355046326679e+00 -3.014296414707488907e+02
2.534311329988698347e+00 -2.926690014892421914e+02
2.534469820843066490e+00 -3.029063368189191578e+02
2.535895540030963069e+00 -3.170635671276818925e+02
2.540947631568605480e+00 -3.255696994777329110e+02
2.541668332418943521e+00 -3.098689691294808313e+02
2.541801745329934636e+00 -3.040915505126897642e+02
2.542434997252564610e+00 -3.077786454241442584e+02
2.546916654488174281e+00 -3.225197391777566054e+02
2.550056015623578531e+00 -3.298646517344344602e+02
2.554322121270168999e+00 -3.170376545329527858e+02
2.555836227575016384e+00 -3.151811809345287543e+02
2.557470969488857548e+00 -3.360518495133534316e+02
2.558171331088057165e+00 -3.495881599936581097e+02
2.560041535991068873e+00 -3.314020557614728659e+02
2.565600638799433231e+00 -3.324152637538351200e+02
2.569884351419770230e+00 -3.352421587007493144e+02
2.571087999612381214e+00 -3.458955251630697489e+02
2.571619089994671370e+00 -3.302344379488213235e+02
2.574894668338330028e+00 -3.381098275820403387e+02
2.576436459365998743e+00 -3.475795935773806491e+02
2.582469610644436919e+00 -3.567342184458119618e+02
2.586237521068416978e+00 -3.556804219132002913e+02
2.586681082160638745e+00 -3.442212095947077160e+02
2.592868574945664584e+00 -3.728769962662829585e+02
2.594188236984268148e+00 -3.614638333921616891e+02
2.594667144195438979e+00 -3.714883289353363125e+02
2.597124775446008282e+00 -3.800119812081236432e+02
2.597146350097180978e+00 -3.624427299677182646e+02
2.603220347937246881e+00 -3.611276215096029887e+02
2.606327350620147421e+00 -3.825322529417162514e+02
2.609336846360359452e+00 -3.838419866919612105e+02
2.610716859440452620e+00 -3.972799637596825733e+02
2.610995158300616126e+00 -3.926045877370291919e+02
2.611140618822013426e+00 -3.918366978628729953e+02
2.612701959694428311e+00 -3.775901427081850557e+02
2.613815186476680541e+00 -3.785491516449667415e+02
2.628130762874214099e+00 -3.913133470267978282e+02
2.630911789616292573e+00 -4.172767033948804851e+02
2.632143871154203119e+00 -4.008001369928634858e+02
2.632769697133004794e+00 -4.196650680757668397e+02
2.633226423055058607e+00 -4.241986985758844071e+02
2.641667286794914471e+00 -4.162744437976833183e+02
2.643210551899943361e+00 -4.356279829043971290e+02
2.649539698104765861e+00 -4.304465501601398500e+02
2.665164275838737495e+00 -4.487786260594650685e+02
2.669671570976567487e+00 -4.571659898737975709e+02
2.669974334225988066e+00 -4.566023404627044329e+02
2.673852457061234311e+00 -4.733620937150026862e+02
2.674095358633259423e+00 -4.817273345078776856e+02
2.685078638777167459e+00 -4.931903909739922938e+02
2.688550285291624320e+00 -4.844291000318775104e+02
2.688663813811834391e+00 -4.996524384018148339e+02
2.688836556928595911e+00 -4.944231527632887833e+02
2.694212485807336854e+00 -5.078907416139703059e+02
2.699998975618806973e+00 -5.173599035740762702e+02
2.701111647460338716e+00 -5.093934106168554763e+02
2.706470663439284774e+00 -5.066394848109426334e+02
2.708001217223578116e+00 -5.260284464284169417e+02
2.717137140044409982e+00 -5.372742284036010005e+02
2.719855067108622126e+00 -5.477818830489403581e+02
2.721660027179503061e+00 -5.374392239938696321e+02
2.727524130809499514e+00 -5.388555130357361804e+02
2.730563004454986231e+00 -5.406340519808209137e+02
2.735799863481433114e+00 -5.739165107296594215e+02
2.740852415473547854e+00 -5.794434131247520554e+02
2.743898447292473897e+00 -5.770921236005224273e+02
2.743978732990964620e+00 -5.582120066171705730e+02
2.745915982186216908e+00 -5.857479668860736410e+02
2.748738705708156260e+00 -5.862277330108943261e+02
2.748944279888100972e+00 -5.854247236199112194e+02
2.750531850335335982e+00 -5.790018369391490296e+02
2.751774625456874013e+00 -5.862223785884568770e+02
2.754504268774275122e+00 -5.975803634884206303e+02
2.755361555064106405e+00 -6.120837270489166713e+02
2.756280714104195617e+00 -5.875785242485267190e+02
2.756463377103536949e+00 -6.053862727826245873e+02
2.760829380630936303e+00 -6.161260925028168458e+02
2.762017327479374451e+00 -6.110414303986945015e+02
2.778198127925668004e+00 -6.412968215244671910e+02
2.783626778858160566e+00 -6.433298157471524519e+02
2.786533364717101779e+00 -6.459272361251594248e+02
2.789070076991191360e+00 -6.646044186642635623e+02
2.795518462575452112e+00 -6.748111245782074548e+02
2.803364809553206438e+00 -6.775386371614756627e+02
2.808278688422500835e+00 -6.911660096632310797e+02
2.815773413334826003e+00 -6.983551916633499559e+02
2.820246388643985025e+00 -7.292482919662224958e+02
2.825924584099531511e+00 -7.191994196727943063e+02
2.830374444478439777e+00 -7.429206528280193425e+02
2.831130458204399680e+00 -7.461787987011032328e+02
2.833458098366903322e+00 -7.605664187060056065e+02
2.834999875660380919e+00 -7.454180829320669091e+02
2.838007534255536424e+00 -7.509488780484964536e+02
2.839696427860713523e+00 -7.656028692911393136e+02
2.841688046680893365e+00 -7.824276675985014435e+02
2.842408717668969409e+00 -7.631679112583086635e+02
2.846844863775917389e+00 -7.917919360684921912e+02
2.846884824959454274e+00 -7.822117115214476826e+02
2.850421319569311329e+00 -7.714343563632946825e+02
2.851539863351992832e+00 -7.895021237648782062e+02
2.851911693681809190e+00 -7.873670040351375974e+02
2.852005097642557274e+00 -7.818201823402130231e+02
2.852632456177886411e+00 -7.936773840755013225e+02
2.854892718846787858e+00 -7.928512158067853761e+02
2.855673960716952564e+00 -8.108144654320407199e+02
2.859388557659156671e+00 -7.954319327047678598e+02
2.862837739855128127e+00 -8.128867422112984968e+02
2.863383349811354783e+00 -8.091344522448057432e+02
2.864878319405921303e+00 -8.103881769311574317e+02
2.867522691469416518e+00 -8.325153027555189738e+02
2.869330805277945817e+00 -8.132591726117829012e+02
2.869739096335729656e+00 -8.446569215941428865e+02
2.869785165523765169e+00 -8.285948323789568803e+02
2.874007228629308131e+00 -8.225319765798914204e+02
2.874051566765087884e+00 -8.328539760873113664e+02
2.874934910379635777e+00 -8.259285771141782106e+02
2.879177230195789416e+00 -8.482231819298326627e+02
2.879619706263915724e+00 -8.617385331511632103e+02
2.882853341706443473e+00 -8.425853868529620740e+02
2.884470298147975953e+00 -8.694245661070276583e+02
2.886477657481941073e+00 -8.754325440802392677e+02
2.897555043506620187e+00 -8.882903403582973851e+02
2.909041304316132059e+00 -9.188431106883601842e+02
2.915376871803410097e+00 -9.421195166392286637e+02
2.916922350983452095e+00 -9.505199759819936389e+02
2.920634306219327847e+00 -9.658257942383614818e+02
2.923195932939585795e+00 -9.778677144566304378e+02
2.927120333930338880e+00 -9.733863864210210295e+02
2.935010353432209840e+00 -9.943432886303982059e+02
2.941130667039661972e+00 -9.954033611516363180e+02
2.946700235596866779e+00 -1.038049029903185783e+03
2.947044586343555039e+00 -1.021261529065687000e+03
2.950762500195848403e+00 -1.044811269776801055e+03
2.955894599166712933e+00 -1.050144333102380415e+03
2.966265537348051318e+00 -1.090271313845201348e+03
2.969147007851984821e+00 -1.101490284210803111e+03
2.971728059381835596e+00 -1.118072884425196889e+03
2.971778004219205904e+00 -1.090965288338213441e+03
2.973441261075199904e+00 -1.106278859417410558e+03
2.978561613570185340e+00 -1.143268950612319486e+03
2.978855563214347413e+00 -1.123695683195963056e+03
2.983841400820001599e+00 -1.139674399171365621e+03
2.984665986267139193e+00 -1.142216716620331454e+03
2.984670012144489792e+00 -1.160969203607485497e+03
2.991598702088841044e+00 -1.159413832715577428e+03
2.993575729934213836e+00 -1.166584903709854416e+03
2.993905735050438111e+00 -1.180722111226689776e+03
2.996694929799038398e+00 -1.171103392357020311e+03
