2.071843605447543091e-03 3.058404765942763781e+00
2.503395124085594503e-03 -6.531629900227986951e+00
2.693277949624373058e-03 1.635667457328011665e+00
6.561615271992171650e-03 3.177969969519124138e+00
8.694291189392799879e-03 6.468695481865246455e-01
9.988313072283649952e-03 -1.227644264434036847e+00
1.119038614980549795e-02 1.077455545108951140e+00
1.724840965943585935e-02 1.992903360076702102e+00
1.858044975733119664e-02 -5.939762074066158526e+00
2.372243816408614592e-02 1.078921814551415226e+00
2.407995226333858874e-02 2.575105579357725105e+00
2.425409939802669612e-02 -7.609215276851738485e-01
2.836904714202581612e-02 2.131768640046115770e+00
2.959787337926289563e-02 2.315453626033076251e+00
3.007783113536965924e-02 3.359594820107703939e+00
3.117256267173351691e-02 1.309136246146693772e+00
3.556793185617801445e-02 7.335296978071502716e-01
4.219696354926949500e-02 -4.947960362809710411e+00
4.493542207298151236e-02 3.455197770819199654e+00
4.743827410037482206e-02 -2.374707816836248153e-01
4.788606422368446580e-02 -6.498224389073272711e+00
5.139284771085506076e-02 1.817727010053636683e+00
5.200895607434274925e-02 -5.884715531112413522e+00
5.509262433108563783e-02 -4.748594837564759530e+00
5.742659263670102376e-02 1.899945141143186911e+00
6.105918361416973195e-02 -1.552380224089728422e+00
6.881400574642038137e-02 -1.179774367551554848e+00
7.084867326359711726e-02 4.530100305264643801e-01
7.337914669723200056e-02 2.558382373439275881e+00
7.392107348182441751e-02 -8.895321164139384784e-01
7.696213653004080335e-02 8.269963320854268884e-01
7.927093873249380085e-02 1.627308519034303291e+00
8.193785993924296296e-02 2.675681466519922669e+00
8.220035206943920869e-02 2.488954944494393917e+00
8.445052571699362964e-02 -2.059285409296094826e+00
9.155471813231574885e-02 -8.399302447909762215e-03
9.449508963168229414e-02 9.722468032728968090e-01
1.015564586455685037e-01 2.747998067029453040e+00
1.020775480661783030e-01 -3.843873935269311648e+00
1.029118605826879751e-01 -2.907161993468753369e+00
1.047310119696563957e-01 -5.902841052599476779e-01
1.059200340876331747e-01 2.480924495028151266e+00
1.082698153503246496e-01 2.553532786956607126e+00
1.104700896318662195e-01 -2.102935254731309822e+00
1.163552479005846019e-01 1.399164801878723718e+00
1.183857120211831981e-01 6.621121249907657713e-02
1.193600505818989133e-01 -4.008037221534431538e+00
1.316538565209247613e-01 -1.539895389148037363e+00
1.366523568464073080e-01 -2.575916917359099223e+00
1.469533623102510234e-01 3.237037102859615434e+00
1.476071289155519439e-01 1.008680515090029095e-01
1.561869330140315260e-01 -9.629855750090199340e-01
1.564749647709462455e-01 -1.591142704378930794e+00
1.565216710612775675e-01 7.914604735772965416e-01
1.627655996899595170e-01 2.983854305586979283e+00
1.691995833861346110e-01 -1.229391091018988691e-01
1.695194407253618474e-01 1.074071760988905444e+00
1.732750844243772237e-01 3.754123059751462765e+00
1.739351765111474268e-01 5.908543953408728067e-01
1.761765617256472183e-01 6.194017455282364581e-01
1.763125893572512481e-01 -3.237114863024381783e-01
1.770045557119938051e-01 -3.366467243782893526e+00
1.779359215199299848e-01 -9.251146505006497378e+00
1.819304405671602343e-01 -3.308624818470255136e+00
1.823879404528556680e-01 -1.312044738040881287e+00
1.846048906738022577e-01 2.244606439607633508e+00
1.873904378600468323e-01 1.191931926011540410e+00
1.886667372031339829e-01 3.726087259113604500e+00
1.945676383769961992e-01 1.766869877389018573e+00
2.026945030428352057e-01 -2.503334692452306776e+00
2.052638479980030128e-01 -4.352059403775670354e+00
2.086340145114244926e-01 8.832551566267177190e-01
2.102394817038903962e-01 -3.131276314722969190e+00
2.123132379232708367e-01 4.803586835071845806e-01
2.147695814668466596e-01 -1.757579885421202581e+00
2.156497995546745594e-01 3.398157863689176050e+00
2.212193323667324130e-01 2.810216527563917044e+00
2.215066049525218350e-01 -2.885202848625995076e-01
2.215438823003370583e-01 -1.142133090500923265e+00
2.232176868662140157e-01 2.067879307481420792e+00
2.254485693108793098e-01 3.748229113223146669e+00
2.290568497645233403e-01 -1.760148814267955553e+00
2.296195491246644238e-01 4.479697311355405054e-01
2.357238959866371220e-01 3.090071791365696985e+00
2.386908554615645439e-01 2.012149261654067045e-01
2.410950765560012643e-01 -5.306708986674303352e-01
2.413600860306154283e-01 -6.627417283650068214e+00
2.418058422027196119e-01 -2.826685142353980495e+00
2.433920942483734917e-01 -3.379282300777056713e-01
2.440946187570182113e-01 -2.773584892457631845e+00
2.444336711374196502e-01 5.396330914250832000e-01
2.586380600228285198e-01 3.327357396378854304e+00
2.588709551024790390e-01 1.461179794164934265e+00
2.593696689617044360e-01 7.967350742271248620e-01
2.606971867823161260e-01 -2.279813563582135938e+00
2.629840784081314276e-01 3.592527333260034261e+00
2.636279249757097487e-01 4.422029170379688789e-01
2.655040469050111707e-01 2.718749410990542792e+00
2.689193072505037252e-01 3.190660868346878232e+00
2.735319593695213491e-01 -9.223624554977341017e-01
2.755333852323929023e-01 1.347987444677475555e+00
2.779795471643922156e-01 4.186289069466390123e-01
2.794287536196161659e-01 -1.222735063838406022e-01
2.845274869936554873e-01 -3.632993837730882802e+00
2.878511267343674129e-01 3.905784200703655173e+00
2.997655657218577518e-01 2.130833762016120847e+00
3.022313668843809031e-01 2.856635149934811935e+00
3.031022606865192426e-01 2.967254549113448991e+00
3.174104166206170863e-01 3.581538727228194663e+00
3.197950264383102592e-01 9.189995889873221468e-01
3.199933821622106267e-01 -6.213097620869421078e+00
3.248556384594215585e-01 3.225227388014553220e+00
3.253292719508527053e-01 2.783076556561486559e+00
3.267666862765581381e-01 1.420111530673347833e+00
3.353115429521421609e-01 3.635080459732312974e+00
3.367144859487364306e-01 -2.857804822918811105e+00
3.381254235176288647e-01 -1.867146655949549761e-01
3.390912031291851703e-01 2.442984368713220000e+00
3.394688691611668085e-01 3.419205882335258462e+00
3.421077779302241773e-01 -3.224023513652830353e+00
3.421274071537734329e-01 -2.613490689045874671e+00
3.423482509451083455e-01 2.558903751604331589e+00
3.431737622655564035e-01 2.634260014739988609e+00
3.459999171643052263e-01 1.990002598897099517e+00
3.486512515871391660e-01 1.229996771928394850e+00
3.496959273087032471e-01 3.796489808398196608e+00
3.520835572058862439e-01 -2.837452767187449876e+00
3.522283457663633044e-01 3.698482303821493122e+00
3.583222909332770545e-01 7.496144288419474000e-01
3.594221449861741968e-01 -3.428299208740623882e+00
3.650112377145630083e-01 -2.055871597823158980e-01
3.672063892176115063e-01 3.747309951902193070e+00
3.685263782564718316e-01 7.874961049655010425e-01
3.739649714192407881e-01 3.880481153367860259e+00
3.778853855400901018e-01 -8.380399806100371496e-01
3.855115290445515486e-01 3.418904334430365122e+00
3.856179087858347954e-01 5.526360773151008932e-01
3.872180998432358523e-01 9.469491463177170942e-01
3.889562851509624775e-01 2.720281423659356435e+00
3.897499523328304960e-01 5.441916077692121601e-02
3.934974562480052507e-01 2.840036906007149753e+00
3.952926662851040662e-01 4.013319829797807436e+00
3.965089999096305107e-01 3.978399776940341859e+00
3.982982520671769500e-01 1.619166162470868864e+00
3.995942962748424421e-01 -2.896508702703400884e-01
4.023523213510057372e-01 -6.059168509652489432e-01
4.035191861872814423e-01 2.477276318340475569e+00
4.046151622100275791e-01 1.494418139638426402e+00
4.052867652521650044e-01 -7.019985626200098139e+00
4.054239864116255809e-01 3.194754344681902669e-01
4.103958559607963075e-01 1.699765025665786133e+00
4.127504761242788422e-01 2.496389437127373156e+00
4.195610035923417191e-01 3.718495417214475740e+00
4.258066885274742752e-01 -2.251830055178163370e+00
4.261837322791016680e-01 -1.917069067318061037e+00
4.352690755487952368e-01 3.221599854146299791e+00
4.384109941509769515e-01 -7.624556735657692652e-01
4.440701642174541552e-01 2.828333411094754446e-01
4.462784362691761819e-01 1.936316026925984479e+00
4.499641892086214678e-01 4.531368331346583567e-01
4.515909923107817026e-01 -3.771559393314666941e+00
4.527642782925433984e-01 2.809681805903182727e+00
4.534131673761977455e-01 -1.793014452769308598e+00
4.543686854029301836e-01 2.217998291749258222e+00
4.615567905265888227e-01 -1.030421329418916176e+00
4.624424749383019284e-01 -4.170265470285422493e-01
4.666534365032758425e-01 -4.995180895678641431e-02
4.716855709684484310e-01 1.031736584205356078e+00
4.757412996176459963e-01 1.722630452117618338e-01
4.759241485647827119e-01 3.841730869382236957e+00
4.792973573400466369e-01 -3.922610315029584349e-01
4.811432836454974105e-01 3.439408716875351324e+00
4.821315293741297303e-01 -9.273809963191547157e-01
4.842310737788846353e-01 -2.612194173012223342e+00
4.883495471882204342e-01 -5.649491121054196485e-01
4.894896899370729804e-01 -8.615164382567831680e+00
4.929402734500418770e-01 3.247746199974710812e+00
4.937262782254329130e-01 4.340250964285716773e-01
4.967548891132025357e-01 2.693907099901521995e+00
4.997117469014844549e-01 -1.707295379172970140e+00
5.006944280327878527e-01 3.898603205838436558e+00
5.030038307767700223e-01 3.540787259547764965e+00
5.088965186683662711e-01 -2.471008377766844788e+00
5.135041611359015823e-01 3.336027616500043536e+00
5.167705084633349433e-01 -1.356644772149541822e+00
5.224724473669539737e-01 2.627403692960425197e+00
5.288293599925258937e-01 -9.271836977023207860e-01
5.334949799761179445e-01 -2.653837466681963519e+00
5.378259819962252219e-01 3.587383182151937966e+00
5.407113064218628251e-01 -4.687994704673736912e+00
5.474963088539961387e-01 6.426415528041190539e-01
5.493661487182057712e-01 3.941462366950714724e+00
5.506116804461396175e-01 -1.090940463012208816e-01
5.565827683609753107e-01 -1.848259889433641723e+00
5.580216006406183427e-01 2.644562148488001974e+00
5.647388887739711594e-01 2.048839851314059768e+00
5.653840542710637518e-01 1.851504464766159375e+00
5.661332183988055933e-01 2.441118271530561934e+00
5.664721617703514234e-01 2.880033740585609792e+00
5.680732867859612512e-01 1.687197950560991089e+00
5.697130659917667428e-01 3.961302850544685672e-01
5.814207760151984816e-01 -2.112596004914345293e+00
5.838852742774296445e-01 -1.490323095535586617e+00
5.871086369542430905e-01 -1.271159394990101443e+00
5.898446404692284650e-01 7.823276817703485042e-01
5.943340624504274139e-01 3.413065354836527732e+00
5.988496912795997495e-01 2.779400170130632564e+00
5.988787696268088601e-01 2.938177469387023955e+00
6.006636713385297144e-01 2.801659978780931315e+00
6.027950211309142103e-01 2.889650511778211861e+00
6.031738903054514322e-01 3.759709859693751710e+00
6.049331199840493056e-01 4.086230920647595966e+00
6.067768206013856025e-01 4.063588629033905164e+00
6.089755882795254704e-01 3.653490006661824996e+00
6.121737974434643403e-01 -2.519821186734676921e+00
6.133019414807978631e-01 3.338595130688297274e+00
6.179840999090020492e-01 -4.149010849623234742e-01
6.186106937520700066e-01 5.762672680724045815e-02
6.257176617554791598e-01 1.605997307946858577e+00
6.273447881045549623e-01 1.905709169140306525e+00
6.278908198277800556e-01 3.929554035574542858e+00
6.288663380651594581e-01 7.136885548418804293e-01
6.369518459172635039e-01 2.358624072408867178e+00
6.374493825227071087e-01 2.006590180255855671e+00
6.389344203221740681e-01 3.330830076225699266e+00
6.433702642164123020e-01 3.396026501956616706e+00
6.494048419870297462e-01 -7.711794918083474393e-01
6.541479239260228340e-01 1.937843730807232046e+00
6.596010302413458648e-01 3.171167566707695951e+00
6.598391387913584705e-01 -7.592339711474048736e-01
6.630817342826546001e-01 3.121096215989974887e+00
6.635907646436225438e-01 -2.396696128703998063e+00
6.646800583984913136e-01 3.676111600626441600e+00
6.664651872578392089e-01 2.755799768881252554e+00
6.679840428344694381e-01 2.832398573974627354e+00
6.716993642398844111e-01 7.461156216418647347e-01
6.738924062140723148e-01 1.788755975907903695e+00
6.739666990677826153e-01 3.780040369331599148e+00
6.752599432884128783e-01 -1.118606876256367233e+00
6.765992256602634258e-01 1.523861828138836527e+00
6.826968727476659948e-01 3.269518019044735269e+00
6.857508187268397393e-01 -1.051469493763358853e+00
6.869976796197683200e-01 -2.195653266024885308e+00
6.893897156981598773e-01 3.244785468211078605e+00
6.977392273306252113e-01 -1.343943083783047499e+00
7.037621973525823860e-01 2.734870847683559258e+00
7.084174972658957570e-01 2.980930715023537125e+00
7.086654335956690254e-01 1.479820504411252235e+00
7.089741689005534253e-01 1.807219725960157675e+00
7.097406475488439170e-01 5.720393508926591153e-02
7.203818597959683601e-01 -2.285305372162486748e+00
7.205497126115718576e-01 -4.401545831488306026e-01
7.212903825611658437e-01 2.507209070534709650e+00
7.221700256638392545e-01 3.035146454238986991e+00
7.231360054228664902e-01 -1.892295158363929808e+00
7.237012239752270704e-01 3.982483074977748672e+00
7.279001742105490891e-01 1.598551206741188002e+00
7.285561563619592507e-01 -8.579784066430441447e-01
7.297828957152669993e-01 -1.110126700953392387e+00
7.304035229342538127e-01 -3.978396204835520145e+00
7.322134327857310332e-01 -5.762187041465615778e+00
7.338226822419231521e-01 3.028356616671139534e-01
7.348863162335983468e-01 2.126407116717950796e+00
7.432389089151542061e-01 6.440018808002574424e-01
7.467902710813220102e-01 3.731924055633559334e+00
7.510356243947726718e-01 2.138607073855948393e+00
7.545098291715475192e-01 3.061168372708623409e+00
7.554464672810760062e-01 -7.788276916580587628e-01
7.557047930690776738e-01 1.470579654648300538e+00
7.565559011230934550e-01 2.654778517502859092e+00
7.607329808324851950e-01 2.777512259446804244e+00
7.624058572769607522e-01 -8.372825116483362251e-01
7.652248072299016046e-01 -6.678837365877304810e-01
7.656964637954407626e-01 7.892937263130574976e-01
7.697683357023362705e-01 4.830744550107866075e-01
7.771492335723106937e-01 2.271895421591473951e+00
7.781978663867777923e-01 3.704994728995479214e+00
7.806878262360903431e-01 2.731048067337095819e+00
7.847839025771874422e-01 2.725420216688652086e+00
7.860145966195321021e-01 -3.260374577479922653e+00
7.868378771502065883e-01 6.927671824071212070e-01
7.869894687846994419e-01 3.458501398807828586e+00
7.893887223800204467e-01 3.202285042825859129e+00
7.913328068883956901e-01 2.175025814614707897e+00
7.926212211080484460e-01 -5.049682414800381602e-01
7.930068690847109636e-01 2.594173198198686414e+00
7.945491978692565960e-01 3.558600530691610420e+00
7.946397074448162678e-01 3.450425893001019428e+00
8.028832044285398872e-01 2.680896087918727133e+00
8.077519867665169384e-01 2.583763385676952407e+00
8.084958263474280038e-01 -3.488132501480385450e+00
8.085871511319783211e-01 3.253581442226197051e+00
8.094473772034794790e-01 3.070808605932853208e+00
8.114200628554235628e-01 2.247402731435571566e-01
8.122258687206553862e-01 2.157157162317807853e+00
8.124974421405082303e-01 1.064350632598568325e+00
8.241741371144992723e-01 1.589266572345793493e+00
8.241821190318087131e-01 3.710303607415975868e+00
8.245006563573735736e-01 4.846354283056326651e-01
8.303350323636604635e-01 3.256914376429309588e+00
8.330698404497429710e-01 1.512716185627018151e+00
8.333305104150525722e-01 -2.153092200263794442e+00
8.338598515382779075e-01 3.759168200039961327e+00
8.373124625173841151e-01 8.229767042382679643e-01
8.421263292540068779e-01 2.536493556589286325e+00
8.470751101661896376e-01 2.554155270777130671e+00
8.502254888990846693e-01 3.087543316300022322e+00
8.583271262626438469e-01 -3.442056884483918999e+00
8.614902468717087203e-01 3.666669049751833498e+00
8.663437461795266969e-01 2.557551709024163511e+00
8.740033951757628650e-01 -6.019554628784411499e-01
8.749852668815553125e-01 -1.659002982580717767e+00
8.759851799959664786e-01 1.461060108250793910e+00
8.778081706869356182e-01 -1.947774709368119694e+00
8.803605584370922665e-01 2.611587858907003401e+00
8.825447473098535500e-01 -8.782770346589082733e-01
8.838359700659240703e-01 -6.588008172935261086e+00
8.867010105881427684e-01 7.281500495579174004e-02
8.870750387779312573e-01 -3.000956659208470878e+00
8.873566841843052444e-01 2.116006588569617097e+00
8.875235054920203037e-01 3.531741211889559473e+00
8.878246403798196740e-01 2.902739201078675446e+00
8.890224674306642649e-01 3.430874223103655751e+00
8.909698516497788212e-01 1.666740501378949357e-02
8.917301588943662427e-01 -5.738988072515886607e+00
8.933313735385169929e-01 2.960771056811269286e+00
8.955031639554722478e-01 1.270450730795231076e+00
8.978196385733075990e-01 -8.158860471566539374e+00
9.001658258542618585e-01 2.561207718353387897e+00
9.011312559335800110e-01 3.359709545983820878e+00
9.013070419479464190e-01 1.931186759224355898e-01
9.020259889723537539e-01 2.501484539596169121e+00
9.139743555949850773e-01 2.868801302884133264e+00
9.153299473190793512e-01 -6.797705392775625022e+00
9.212518681980070845e-01 -2.409154702613204080e+00
9.228254325865014041e-01 1.835123588603992051e+00
9.265922357360647510e-01 3.341540982610580635e+00
9.275374281364229256e-01 -6.577375469866186819e+00
9.280187540659995404e-01 -7.037918471301766843e+00
9.304555617646942389e-01 -4.511488251873857713e+00
9.381311437062368475e-01 1.195260757267093910e+00
9.439496287523293505e-01 1.171072010213503489e+00
9.449082739791310193e-01 1.312086090333105748e+00
9.478964684939635843e-01 2.036849966020885638e+00
9.490536011235530811e-01 2.458675037471952596e+00
9.534995450383089155e-01 -7.628576580038231025e-01
9.535866161091439697e-01 -1.850516824054760257e+00
9.580558822825624432e-01 1.682139164790209529e-01
9.678522787802691374e-01 2.621044826500703362e+00
9.679226094957429360e-01 1.964365392037369151e+00
9.763770195072902780e-01 6.692258982197362149e-01
9.785771813659738250e-01 -5.978625883586435874e-01
9.790024944206984214e-01 2.970129576887567069e+00
9.795007778188373759e-01 -1.449510795215423475e-01
9.831326618650352289e-01 6.829097056865355286e-01
9.852584544147886536e-01 1.131516277809057502e+00
9.853152329754294447e-01 -3.717166929205833803e+00
9.869077308687820294e-01 1.030796284658042350e-01
9.887531758099806778e-01 -7.286434766573697708e+00
9.922983088161899667e-01 1.196851280935452566e+00
9.933996127048755342e-01 -1.155759952472797725e+00
9.957055028285047849e-01 -2.761984415898479095e-01
9.970367428122691722e-01 1.180634578882091557e+00
9.984562904865839084e-01 1.416320533198444753e+00
9.990611894243749402e-01 2.656115767915971482e+00
1.000662782224894798e+00 2.828992516629261544e+00
1.001626575160441401e+00 2.970408374097741611e+00
1.002893760684951285e+00 -1.764246559446701390e+00
1.004314932366106916e+00 1.496750077824693825e+00
1.004961182213675475e+00 -4.100498834440617024e+00
1.007817640464037989e+00 -1.443755169162578511e+00
1.008739407805187893e+00 1.391887008115528346e+00
1.013925956493052505e+00 2.518642282398973364e+00
1.016126436843499903e+00 -1.081799903631226201e+01
1.020398492726573458e+00 2.157334881138292637e+00
1.021387637028259743e+00 -8.273965725694706563e+00
1.022137267848690634e+00 6.649418862662352936e-01
1.025174364103105029e+00 2.002487898030349101e+00
1.026213142511677834e+00 -4.415982307362520953e-01
1.026307015382351029e+00 -7.111159298143396867e+00
1.027247990289498425e+00 1.374427610579105341e+00
1.029310548630703481e+00 -1.146881409067852520e-01
1.034410128045146537e+00 1.376885497543414605e+00
1.040923041479719480e+00 2.410589372644242445e+00
1.041566332415101659e+00 1.760092299118474202e+00
1.051489660801219639e+00 -8.779850384260378116e-01
1.055567776405209823e+00 5.972658473204839336e-02
1.056457809856691021e+00 -7.007166440095180526e-01
1.062074101080815236e+00 2.274095079969473687e+00
1.062606388225167064e+00 3.930920950699364758e-01
1.065677670609801453e+00 9.455154076062863844e-01
1.067410570828165817e+00 4.278337302888590710e-01
1.069863586883749829e+00 -6.465664654678787926e+00
1.070581940633315021e+00 1.580472985119761420e+00
1.070610256584279218e+00 2.267714669721283549e+00
1.070931709640425833e+00 -7.046446445291832283e+00
1.073255191549759235e+00 -8.048880425223327251e+00
1.074003936214106947e+00 -4.358854598524961599e-01
1.080166370962422961e+00 -2.086665892322667748e-01
1.080363259362604023e+00 -5.356414675190243058e-01
1.083365490791782459e+00 -6.267946768245824529e-02
1.084073110230505455e+00 2.236910484214837957e-01
1.086431564920032011e+00 1.151249744187062829e+00
1.086947284992133334e+00 6.370309825793887271e-01
1.089892519273854887e+00 7.678038619980549484e-01
1.092763252768294002e+00 -2.837869902150701229e+00
1.095571907882945784e+00 -4.206336320108229998e+00
1.096806199681120475e+00 -1.303202261639998749e+00
1.099671274130502585e+00 -5.327807056796720175e+00
1.101788493277167547e+00 1.452595198475375549e+00
1.105585129146879009e+00 5.756421680846892652e-01
1.109920647121955373e+00 -1.218775042712977541e+00
1.115577453856950729e+00 -1.443169851005070559e+00
1.121597643445035430e+00 1.421000236238885606e+00
1.129534737218761187e+00 5.793676314478661826e-01
1.135330393544579319e+00 -4.826985674826733685e-01
1.138766808608022929e+00 1.498954525811623917e+00
1.139746201121280444e+00 -3.331358087100946719e+00
1.141485920617600902e+00 1.487527854394317561e+00
1.143335021834477327e+00 -1.468587277414412640e-01
1.145662465208375558e+00 5.286859126941880760e-01
1.152223307485862769e+00 -2.522957846769710244e+00
1.155242264604677382e+00 -2.601336486603821996e+00
1.158002576423725838e+00 3.610615325442148027e-01
1.158838539021565861e+00 1.083908562587555746e+00
1.158979341024843679e+00 -6.368972525099350079e-01
1.160526074448843481e+00 3.963561807053448405e-01
1.161090176011887465e+00 3.648653383971551811e-01
1.161324618683696741e+00 1.212297303997332154e+00
1.166932469779362602e+00 -8.555620638781560316e-01
1.167230162605158883e+00 6.988653536409121791e-01
1.167280140744914707e+00 -5.253649117307621630e-01
1.169365319050268859e+00 -2.905988965299037829e-01
1.174524357047316947e+00 -8.912908686499414479e-01
1.175282263802609251e+00 -3.132184457714761727e+00
1.179667625454822844e+00 -2.382908472276239475e+00
1.179961515285293583e+00 5.674281767640541041e-01
1.181548931026703109e+00 2.393959222844959100e-01
1.201158692740362133e+00 -2.460722428403018469e+00
1.203428574278321062e+00 -1.237227138675192073e+00
1.203803950756525909e+00 -8.321207912268642204e-01
1.205657362390559761e+00 -6.532939732144416034e-01
1.210602119004721811e+00 -4.053699328511790156e+00
1.212410808026080478e+00 -5.415215876088000257e+00
1.212626454271600984e+00 -6.837447030839362228e+00
1.218271625984721940e+00 -1.860615011533284680e+00
1.221641710299501860e+00 -4.140177879126599514e+00
1.224950678606085974e+00 -2.869061665623721336e+00
1.236169517781033012e+00 -5.176259413988658409e+00
1.236217578979022180e+00 -4.790824815870540654e+00
1.240334658086061026e+00 -3.667913386451838953e+00
1.241682426781619997e+00 -1.023879474514235000e+01
1.243838231160259600e+00 -1.776955265845471033e+00
1.246746567580996556e+00 -1.581068697503652754e+00
1.251832908802764877e+00 -8.751839208135150372e-01
1.252951963375553923e+00 -2.980350621763749430e+00
1.254473016477899439e+00 -3.536714418752994860e+00
1.254622165641956055e+00 -1.724564995127965794e+00
1.255507406708227025e+00 -6.575707908847238770e+00
1.257866880455852598e+00 -3.049765829889239832e+00
1.259803320480361588e+00 -3.530507337525894407e+00
1.264406496336603958e+00 -1.401502904895073343e+00
1.264914435031607276e+00 -5.797614984489145584e+00
1.271139219920169428e+00 -3.341913215367217305e+00
1.287991444385733653e+00 -4.004445421646089187e+00
1.293254681887550106e+00 -1.220415024920761482e+01
1.293613543833188828e+00 -2.661064074541888758e+00
1.302383258325664261e+00 -2.600098705198993443e+00
1.305275185167038110e+00 -1.585765098595093292e+01
1.307210313878095942e+00 -7.414025447934380786e+00
1.310629578127303407e+00 -2.809542123883312037e+00
1.313334073687618897e+00 -4.968283006231019705e+00
1.314677053298991094e+00 -9.835679960906833941e+00
1.322115327463411205e+00 -6.035890580844197828e+00
1.323149202559263937e+00 -6.306336771716649636e+00
1.325367683719726131e+00 -5.003665508242461257e+00
1.334455492158694856e+00 -5.636179029662749862e+00
1.338921730446609892e+00 -6.312138968242564374e+00
1.340115395132849052e+00 -5.894000461229866872e+00
1.345847835162965689e+00 -7.833428135121346614e+00
1.352040091314630210e+00 -1.108980546279650525e+01
1.354634179544145223e+00 -7.752287711599690212e+00
1.360476714147760724e+00 -5.693253618939805527e+00
1.361453543321973214e+00 -8.038664298880341619e+00
1.369388500833549571e+00 -8.946855528048757833e+00
1.370587632988036209e+00 -9.359261307370184468e+00
1.370833717250021566e+00 -7.291801700421078891e+00
1.372674466050830766e+00 -5.324860963933296887e+00
1.373469386818610971e+00 -1.395081231054367699e+01
1.378322495220318578e+00 -6.511373156792338079e+00
1.379592944276669897e+00 -6.569050325782903599e+00
1.384612209274162176e+00 -1.164438990938540108e+01
1.387250651755884023e+00 -6.117622967549024793e+00
1.389709984908125140e+00 -6.736136958619150406e+00
1.390856540534201713e+00 -6.897396839562780713e+00
1.391119163115309920e+00 -7.674785516406974040e+00
1.391608863292734810e+00 -8.074198913310592474e+00
1.397584406127313716e+00 -6.487172853026860864e+00
1.401588763662537929e+00 -8.996465069757880073e+00
1.411437907299870620e+00 -1.265685735697813108e+01
1.422059720540219896e+00 -1.319747586310741916e+01
1.426311189498292054e+00 -1.352803013731837112e+01
1.428084741533323321e+00 -8.695054082359259695e+00
1.428826098881598394e+00 -8.426842012825176198e+00
1.436963933087287204e+00 -1.399320048319430043e+01
1.444117194882357680e+00 -1.171052191155133926e+01
1.448801116529073507e+00 -1.108353357650933901e+01
1.449763059454670877e+00 -1.020252356375235792e+01
1.452383058570847929e+00 -1.132020771763902900e+01
1.453243315896008969e+00 -1.039850101312734409e+01
1.453805648423343921e+00 -1.679076385003184768e+01
1.456968298172494958e+00 -1.196479343361694347e+01
1.457114011481932758e+00 -1.251348113977207177e+01
1.458982971738957968e+00 -1.285236388833879317e+01
1.459728936307950864e+00 -1.445304310007871962e+01
1.464357798142696954e+00 -1.119215494380724074e+01
1.465348113960592613e+00 -1.175515384910393202e+01
1.472288258363062763e+00 -1.323952351173339537e+01
1.473980928919035982e+00 -1.130330212032173876e+01
1.475526378142955952e+00 -1.489795597956235262e+01
1.477889840368699303e+00 -1.261566392737848119e+01
1.478936160999105631e+00 -1.310015100686997158e+01
1.479545220354685497e+00 -1.304932637414116314e+01
1.481737566595675126e+00 -1.221773715957893636e+01
1.484703373982125374e+00 -1.315674886976031388e+01
1.486009318728436224e+00 -1.733068032064399944e+01
1.489250675201216456e+00 -1.627565458003525833e+01
1.492038436709019145e+00 -1.456948975448546690e+01
1.492338821771008295e+00 -2.036364011348655012e+01
1.498049045721593142e+00 -1.347457557516102966e+01
1.499296212657319494e+00 -1.328844148874381759e+01
1.500997507277260112e+00 -1.672068189991793119e+01
1.506818403138967088e+00 -1.439054583753213379e+01
1.507066145096447984e+00 -1.830665187697810836e+01
1.509395453656543262e+00 -1.606420818873050749e+01
1.509727890954698060e+00 -1.463128187839899397e+01
1.510801256897828182e+00 -1.726921804413484907e+01
1.511286656068341783e+00 -1.533105045063358673e+01
1.511784939973874309e+00 -1.477147354289781589e+01
1.516225206203345444e+00 -2.215298590360955444e+01
1.517225694170591943e+00 -1.512608987419542217e+01
1.518068086124410465e+00 -1.845079997173266761e+01
1.520869247780606504e+00 -2.320436170392588338e+01
1.521917451131871823e+00 -1.609781085085511876e+01
1.523221152610926943e+00 -1.826075231076043082e+01
1.527779821171451058e+00 -1.595078616506865288e+01
1.533612041648701130e+00 -1.688897413099031652e+01
1.545882869253688119e+00 -2.817859783152457709e+01
1.555212935356094395e+00 -1.979116862893040363e+01
1.555464116573621158e+00 -2.437904877056618602e+01
1.555665165247319459e+00 -2.234776604973718861e+01
1.558369463569055702e+00 -1.858968609673009098e+01
1.559096575163561704e+00 -2.186192924208565103e+01
1.559546513265405832e+00 -1.879070801613956476e+01
1.563233647698631046e+00 -2.214787965900909228e+01
1.563761057785842734e+00 -2.474215098982503136e+01
1.570451549512267730e+00 -2.179355675040442009e+01
1.582518752548390584e+00 -2.283019126658972553e+01
1.585784170322205089e+00 -2.512707784082250484e+01
1.587272175485691772e+00 -2.573655549860791325e+01
1.591685417775918765e+00 -3.034087552372018592e+01
1.592466739053514768e+00 -2.253204432486382203e+01
1.592997436753516682e+00 -2.331419294075816850e+01
1.602905605364588926e+00 -2.875681876670661552e+01
1.604008295346494695e+00 -2.509582959167262572e+01
1.605011071581827320e+00 -2.564175957760125257e+01
1.606039403589905934e+00 -2.561028690705931865e+01
1.610053775460701164e+00 -2.533993911733045223e+01
1.614663030821206435e+00 -2.595944167214109299e+01
1.624586623626502746e+00 -2.876806060094575557e+01
1.628880397194674812e+00 -2.898160280615186934e+01
1.629002686185097470e+00 -3.001648028923330003e+01
1.631887339753050004e+00 -3.700229798411351823e+01
1.658906879702876758e+00 -3.805079418286668158e+01
1.659932796463913007e+00 -3.415412176301381209e+01
1.661170965089932228e+00 -3.427946348131868604e+01
1.661496487670080846e+00 -3.349278034417095995e+01
1.665088619441554174e+00 -3.906238614684966137e+01
1.666567560051522179e+00 -3.325453579130689974e+01
1.668005465698607193e+00 -3.200179531962956503e+01
1.668607091123995190e+00 -3.429294244237362932e+01
1.671517948984880153e+00 -3.281630851102094937e+01
1.679323301634685350e+00 -3.621776140647111220e+01
1.679738347418626265e+00 -3.420660654058632133e+01
1.680674463486936165e+00 -3.401552509297709292e+01
1.681750282387552309e+00 -3.558335948747315314e+01
1.682407257450719396e+00 -3.646440676111897972e+01
1.682415571253078834e+00 -3.458979453719760500e+01
1.688250426877320409e+00 -3.600644297001161220e+01
1.689652403671135783e+00 -3.572135619611478319e+01
1.693781873492246515e+00 -3.779470276889777836e+01
1.698741561670011002e+00 -3.706512594503038116e+01
1.706120866731873020e+00 -4.343785570740758573e+01
1.707253390434269047e+00 -4.019333706855012878e+01
1.709257142772399485e+00 -4.252540350590665952e+01
1.719483034584886383e+00 -4.354911868610152226e+01
1.721914519868444460e+00 -4.496024175992538829e+01
1.732812682002721871e+00 -4.534052551280034749e+01
1.736649989876686728e+00 -4.912136377327633596e+01
1.738564907044941599e+00 -4.767527255595967262e+01
1.739328482741154147e+00 -5.423157317273297906e+01
1.743419378955534116e+00 -4.431110884276043294e+01
1.747180370013872830e+00 -4.508714776092246268e+01
1.748090104668622358e+00 -4.856765424993693614e+01
1.751417379789047768e+00 -4.596834447503767507e+01
1.753059423185319154e+00 -4.700162618103250622e+01
1.760489588354172685e+00 -4.780066429133359662e+01
1.762727480355605003e+00 -5.200424085501792604e+01
1.767897133381808761e+00 -5.036869978435858286e+01
1.772365774238221947e+00 -5.383668870504398285e+01
1.775060980009936173e+00 -5.021679476174455203e+01
1.798117419100926817e+00 -6.139592042657525894e+01
1.800369414808739688e+00 -5.601350090229134082e+01
1.802883724076436156e+00 -6.037705103086505432e+01
1.804339758756069667e+00 -5.952075388357447139e+01
1.814162938083009102e+00 -6.378361455688514070e+01
1.818167455363959517e+00 -6.335183105706883566e+01
1.823661315819838702e+00 -6.667669214631509078e+01
1.828134909919855833e+00 -6.181324755900162415e+01
1.828171651176556001e+00 -6.432411660872209325e+01
1.828378712202081591e+00 -6.432064046790789291e+01
1.830418392642587877e+00 -6.312240078858765457e+01
1.831141648861998483e+00 -6.821207664059140541e+01
1.832681646448186541e+00 -6.790590118194971581e+01
1.834871347280367271e+00 -6.358622174700742846e+01
1.835804750566822907e+00 -6.465785128683127425e+01
1.843853619281044631e+00 -7.151079307196928880e+01
1.847499299586223831e+00 -6.821498942921726893e+01
1.849216540617446558e+00 -6.844628986518466718e+01
1.862192430899567430e+00 -6.981421776885522945e+01
1.864027446578675695e+00 -7.438108385539051426e+01
1.867393370320356016e+00 -7.188384771895110248e+01
1.873955969261681398e+00 -7.752284077668474538e+01
1.874084281660852280e+00 -7.960792921001008438e+01
1.876160149372590347e+00 -7.342459874888584181e+01
1.881543315984802511e+00 -7.910673352484424470e+01
1.881688189469660877e+00 -7.643722472038329840e+01
1.884934475405525056e+00 -7.521403209469880835e+01
1.886291766797196789e+00 -7.789563591861028158e+01
1.886879636162546614e+00 -8.327532023248370763e+01
1.887969367283866218e+00 -7.833032053106794024e+01
1.888810964951142868e+00 -7.656551002574761355e+01
1.888876864119482857e+00 -7.713924452153690936e+01
1.894639477765440283e+00 -7.978768395836338811e+01
1.897956533802616086e+00 -8.435983170575508439e+01
1.898550479521183387e+00 -7.984200696393050123e+01
1.899868396971337914e+00 -8.050397966166323727e+01
1.901001191239843013e+00 -8.746928220354631378e+01
1.902223364311043774e+00 -8.020317434711040505e+01
1.905675737493873756e+00 -8.170780451822926693e+01
1.908588986533554133e+00 -8.908437751367550561e+01
1.909373747604866001e+00 -8.344128620540972463e+01
1.910946311513784579e+00 -9.200436198961497780e+01
1.915350718230433902e+00 -8.644584419568718658e+01
1.916852604664185389e+00 -8.576419499869128060e+01
1.918141219505418826e+00 -8.740874876807725968e+01
1.920444275996970873e+00 -9.181516471950399705e+01
1.923220242917679457e+00 -8.936373229479957558e+01
1.925789080723659730e+00 -8.674515951058396013e+01
1.926741140337388414e+00 -8.887288967493418568e+01
1.928930813430527191e+00 -8.820818969381690522e+01
1.932213403445879774e+00 -9.447507858510934398e+01
1.932417360451565536e+00 -9.214702043819380606e+01
1.932717841705158701e+00 -9.288497241063389254e+01
1.932942036272166098e+00 -9.287160817317915473e+01
1.933555579596651919e+00 -8.987787704276537681e+01
1.933650436760786739e+00 -9.051420512552462583e+01
1.938085844773469901e+00 -9.516602751167687302e+01
1.940559207052925839e+00 -9.541863141869858111e+01
1.942866877267567016e+00 -1.043926520440252972e+02
1.946375671566852761e+00 -9.734272552397091260e+01
1.952982273582545503e+00 -9.447377987888580719e+01
1.953430962044439223e+00 -9.689087209710365300e+01
1.955013954005409449e+00 -1.003210288295584292e+02
1.957059094109478758e+00 -1.002065620581735175e+02
1.957467427884103106e+00 -9.837069098310057313e+01
1.963400993196160460e+00 -1.027922993746307299e+02
1.963813939243655327e+00 -1.069154945810427506e+02
1.967901920188113607e+00 -1.018289707780871254e+02
1.968148105454504915e+00 -1.000583486035777270e+02
1.968505451627123648e+00 -9.878461270420062590e+01
1.971852943104496436e+00 -1.062464977347834179e+02
1.972274324652834032e+00 -1.025249845709875700e+02
1.979611804929657826e+00 -1.053708786077663433e+02
1.981036792168458183e+00 -1.033313411132318578e+02
1.982770262844430142e+00 -1.062863341511474857e+02
1.985977785260118367e+00 -1.117160914883413056e+02
1.986382265958054560e+00 -1.059566317108184705e+02
1.986896507684084545e+00 -1.097657245022697055e+02
1.991365352557985968e+00 -1.060900407847117179e+02
1.992701636937268983e+00 -1.105595048615413418e+02
1.997053299162293349e+00 -1.081489458025314576e+02
2.004355487585264051e+00 -1.167727063013472133e+02
2.005488176600555228e+00 -1.132979293476862779e+02
2.008256379962312987e+00 -1.151144857832951374e+02
2.010264773637679081e+00 -1.202312126491524538e+02
2.015190384027498727e+00 -1.159906382775337761e+02
2.019062867337038547e+00 -1.215500532627484205e+02
2.022646840246713484e+00 -1.177178626796472827e+02
2.026626998254293710e+00 -1.185592561422521101e+02
2.027061177642503598e+00 -1.209272700948614272e+02
2.034058208445082894e+00 -1.207595728991656898e+02
2.034486749143491480e+00 -1.225474223225154304e+02
2.036568952791363074e+00 -1.230840660138956508e+02
2.046777310537359451e+00 -1.287151387668925508e+02
2.048522885296850227e+00 -1.267132238656466683e+02
2.056407271834545636e+00 -1.317944187995711047e+02
2.057681077737247399e+00 -1.307924521972418290e+02
2.059951222190491649e+00 -1.317663238158046681e+02
2.069227020058156175e+00 -1.324036090002600474e+02
2.071624718735404436e+00 -1.345455394839788710e+02
2.077479543363943471e+00 -1.379355249048719259e+02
2.079197341562254220e+00 -1.423199873194521672e+02
2.079865866949035524e+00 -1.414880943621582219e+02
2.081774138026077470e+00 -1.395940957406226346e+02
2.086717650681457759e+00 -1.415641396174381725e+02
2.089692358800203653e+00 -1.416107407671157148e+02
2.090396570706256174e+00 -1.400122384456651048e+02
2.091521434273412972e+00 -1.462266892525225899e+02
2.096941976485735548e+00 -1.454714272747585824e+02
2.099143382164200045e+00 -1.494381463002582109e+02
2.105661672977246823e+00 -1.461383260921287501e+02
2.105752677937821282e+00 -1.454784485588368739e+02
2.107841205666056705e+00 -1.521741503734855598e+02
2.110213283660929751e+00 -1.477926235505299815e+02
2.111060182944796360e+00 -1.501802874540315429e+02
2.112791268871933248e+00 -1.495238617620286163e+02
2.116894431562934997e+00 -1.514336922832229391e+02
2.116908047862037012e+00 -1.521406929922894733e+02
2.117840030713637578e+00 -1.506181857005001916e+02
2.118205503282620139e+00 -1.526758308682288998e+02
2.119962759687108456e+00 -1.516858724206790328e+02
2.120014986877345464e+00 -1.552317630605022600e+02
2.121318411489661493e+00 -1.510408194405652580e+02
2.121829379793907400e+00 -1.524887717958882831e+02
2.122314927706503873e+00 -1.516074136880439482e+02
2.128250957854053382e+00 -1.580615880680625196e+02
2.132455827639759605e+00 -1.557868835282361886e+02
2.134335891248034134e+00 -1.650941320803195254e+02
2.135353516556830034e+00 -1.604525496329787302e+02
2.138100207607704473e+00 -1.634435874261231163e+02
2.140247488490228278e+00 -1.579784881491942201e+02
2.140922907900772998e+00 -1.633251194898312235e+02
2.150169860637733521e+00 -1.617633487639941734e+02
2.158872820562686812e+00 -1.661494463510439630e+02
2.164738488388088911e+00 -1.717869666294835440e+02
2.166065599851858536e+00 -1.701702689523215213e+02
2.166726914968422069e+00 -1.682674779881143081e+02
2.169750378925117573e+00 -1.691289950783051097e+02
2.178664591167083664e+00 -1.753420415373544188e+02
2.184724401378972836e+00 -1.819001301851585026e+02
2.187827243181222237e+00 -1.774607169200403689e+02
2.191581716633929311e+00 -1.815876002497809338e+02
2.199024918235827464e+00 -1.803604307439000252e+02
2.206313507296083998e+00 -1.832470464851248835e+02
2.211266234849187828e+00 -1.856172810854837110e+02
2.212669611636194578e+00 -1.911140006134874625e+02
2.213698232212207628e+00 -1.993316646118376525e+02
2.216621921012892571e+00 -1.888766912207965731e+02
2.218057244458097710e+00 -1.874568201717434306e+02
2.218217092468640406e+00 -1.911625945687771946e+02
2.228868254827985673e+00 -1.927973234341192779e+02
2.234609536795069573e+00 -1.943228455306679905e+02
2.236068946300100890e+00 -1.968811576293144867e+02
2.237925886594584135e+00 -1.960155066084764712e+02
2.238054702808224494e+00 -1.960764886324838869e+02
2.242350890429623433e+00 -2.016803526793793822e+02
2.243375719238791532e+00 -1.986233154696278405e+02
2.251066181603010641e+00 -2.031744574131667207e+02
2.251314239897591385e+00 -1.999405759407781318e+02
2.252396940939713765e+00 -2.019387356087279102e+02
2.255735055910896403e+00 -2.024545100015121761e+02
2.259386084068827572e+00 -2.068689032271559824e+02
2.263509898036531354e+00 -2.054764419313195845e+02
2.275651682615284166e+00 -2.188042203957392076e+02
2.278749570661172896e+00 -2.167226214971599063e+02
2.278762135845280756e+00 -2.118511469554919131e+02
2.281124973933993161e+00 -2.140988447264571732e+02
2.285751967783256955e+00 -2.129830115029459137e+02
2.286391786529399450e+00 -2.124961059064653170e+02
2.288022403477949496e+00 -2.169048212557224247e+02
2.290657522693151815e+00 -2.163823936678490725e+02
2.293647978526934139e+00 -2.153881745360318121e+02
2.297169341904197637e+00 -2.180622112097549916e+02
2.297775996817749800e+00 -2.187386327608451779e+02
2.299751945019136823e+00 -2.203154563828995265e+02
2.304676905839116774e+00 -2.248582038761438753e+02
2.305545986480677101e+00 -2.194829818772346357e+02
2.305832502868909284e+00 -2.263668289071661945e+02
2.310851032772644142e+00 -2.216743473575540975e+02
2.318075471565479884e+00 -2.280999576196412875e+02
2.323774265102314995e+00 -2.294993781757412421e+02
2.331318669722470815e+00 -2.345772596913206769e+02
2.340033585540136851e+00 -2.342298881525368586e+02
2.340825716601065754e+00 -2.310284342423916542e+02
2.341710362717879246e+00 -2.300488080181432338e+02
2.347625158260566725e+00 -2.344629986208852870e+02
2.350164773122830120e+00 -2.323503772091881672e+02
2.350260586674943752e+00 -2.419161975321966338e+02
2.363534144349183741e+00 -2.374425792104589732e+02
2.370896799411750688e+00 -2.383055896575045267e+02
2.374175579897993771e+00 -2.406682859397639049e+02
2.374795596054319446e+00 -2.440603776825933551e+02
2.377349133588701147e+00 -2.397730514010475815e+02
2.390902513717728883e+00 -2.461573463658051537e+02
2.393744931815031229e+00 -2.444452625481323480e+02
2.400491632682196119e+00 -2.522727063828472183e+02
2.401081926300373315e+00 -2.499199657028546540e+02
2.401381834374345381e+00 -2.494913261678514402e+02
2.401792116547681211e+00 -2.471755205564520566e+02
2.403705069696838503e+00 -2.463480770881355681e+02
2.404872916044024755e+00 -2.543105311612108324e+02
2.405638729090264327e+00 -2.463009215215916186e+02
2.409347873651608296e+00 -2.565178282581476310e+02
2.413525561671572728e+00 -2.547847875623510845e+02
2.414573054645805961e+00 -2.473167838565190948e+02
2.416136788599855922e+00 -2.476879498059918205e+02
2.416949397389877241e+00 -2.492812553228326919e+02
2.420372492009517984e+00 -2.492956279477854196e+02
2.425330948264586617e+00 -2.513136596523164599e+02
2.429054496082986958e+00 -2.525108850711265234e+02
2.433721566903938260e+00 -2.614870953115425323e+02
2.434859981479331026e+00 -2.521662733815254001e+02
2.437952740687661990e+00 -2.538721858759644761e+02
2.441916345968189628e+00 -2.634219571040533197e+02
2.446762389104451874e+00 -2.529140738411940958e+02
2.447531486617262164e+00 -2.519784062804624796e+02
2.449653763855884847e+00 -2.581884183209975845e+02
2.449884863562992621e+00 -2.582981487869137140e+02
2.453666758141826776e+00 -2.529723807807208971e+02
2.455362980965935193e+00 -2.541367229729415271e+02
2.456462546436211980e+00 -2.527267427773229826e+02
2.457637803958044209e+00 -2.529009222650291235e+02
2.457835853749684052e+00 -2.595815837737211496e+02
2.458709680978012457e+00 -2.548358231367521682e+02
2.469385924321619186e+00 -2.566543400591954196e+02
2.469661494307469507e+00 -2.552120939068328482e+02
2.470700076041124849e+00 -2.568836231192867103e+02
2.472496741974531176e+00 -2.579303939708463531e+02
2.480162233893449475e+00 -2.570036459908292841e+02
2.480396270703948858e+00 -2.555543540144309702e+02
2.498264478300360025e+00 -2.542875318876943425e+02
2.500349519596851700e+00 -2.541566734891448220e+02
2.507361846726241961e+00 -2.535598327428101584e+02
2.511503999170787704e+00 -2.536053950061809132e+02
2.517393800339701837e+00 -2.514178838758075472e+02
2.518203377585335634e+00 -2.538026068728699443e+02
2.519137750702887590e+00 -2.514391079134856284e+02
2.519171137719408371e+00 -2.513620452931322120e+02
2.519685830498259893e+00 -2.533666534212591728e+02
2.520338370590747168e+00 -2.565560402861067359e+02
2.520954186279388942e+00 -2.539595244732750530e+02
2.522710980173293649e+00 -2.540327301759241152e+02
2.525842370005314752e+00 -2.519596794797029702e+02
2.527441405921993844e+00 -2.493084695908619324e+02
2.532595202182893690e+00 -2.495908551876693764e+02
2.540277762751495860e+00 -2.472550527984665791e+02
2.551081960513174707e+00 -2.486474622199495172e+02
2.551360308234427166e+00 -2.452537409219970641e+02
2.553681358787779576e+00 -2.433044105697835562e+02
2.556344421552888768e+00 -2.453401990966439143e+02
2.563753298483725018e+00 -2.395420859033750958e+02
2.564719225294091132e+00 -2.448761342903829075e+02
2.575778722669044729e+00 -2.390623953873005121e+02
2.581325981842494510e+00 -2.376283803160736454e+02
2.583209294988514149e+00 -2.316338051257535540e+02
2.583240242938201980e+00 -2.364099867170779987e+02
2.585608983567752261e+00 -2.315725711577807715e+02
2.594057564424377738e+00 -2.266353106201141827e+02
2.595003374401232854e+00 -2.269807585935353700e+02
2.599559959620555638e+00 -2.275857598822128125e+02
2.600249247202210512e+00 -2.238263759082971660e+02
2.611138820042719910e+00 -2.170483180243854520e+02
2.619200206380662088e+00 -2.158113030798357386e+02
2.622039867471457342e+00 -2.137122067987680225e+02
2.625983125188702694e+00 -2.104116521851940433e+02
2.626970753786142865e+00 -2.079626836111484067e+02
2.627907071199897970e+00 -2.071317147844160615e+02
2.629677286789607216e+00 -2.048632263232299238e+02
2.630474402737796868e+00 -2.029827612993070716e+02
2.632273960374055477e+00 -2.018591349793962024e+02
2.639529992327693364e+00 -1.968646565666447543e+02
2.643838582538952764e+00 -1.952734042932698344e+02
2.644827176667480018e+00 -1.979082859952624176e+02
2.646386449073284464e+00 -1.912068754530296815e+02
2.648473932819417342e+00 -1.888945436703457119e+02
2.654229449566539945e+00 -1.857523454817918207e+02
2.655211906368032615e+00 -1.820699091415714292e+02
2.665269693500294856e+00 -1.767423956646823626e+02
2.666589453356404071e+00 -1.738880397283045625e+02
2.668878945405714465e+00 -1.691317251881380912e+02
2.673217988962369951e+00 -1.643574994218754455e+02
2.674188399785273340e+00 -1.624355961811364466e+02
2.676352241843439117e+00 -1.680816060467759883e+02
2.680296652595440587e+00 -1.558346086201553646e+02
2.685439327892416905e+00 -1.504704022009563573e+02
2.686831291578239522e+00 -1.486667176302643441e+02
2.689873255857736734e+00 -1.546498449805697533e+02
2.691241880259175989e+00 -1.435322516642173412e+02
2.692163659481487503e+00 -1.410336559298274608e+02
2.695505772759306140e+00 -1.432658816636283063e+02
2.696126560350395440e+00 -1.376819621042523067e+02
2.698236937143856817e+00 -1.395784735150976132e+02
2.700640182573296855e+00 -1.304235198810215479e+02
2.707052641170212048e+00 -1.224114039274841303e+02
2.709963614996821590e+00 -1.288630289701050629e+02
2.713491878206995001e+00 -1.135904557159558124e+02
2.714965591363453612e+00 -1.192865596576469898e+02
2.721839104615204175e+00 -9.963225161998531121e+01
2.725157867663080768e+00 -9.333635938197865300e+01
2.725902207649804065e+00 -9.189579187767087376e+01
2.728076146868585461e+00 -9.439579681843184744e+01
2.728667756873825567e+00 -9.032920496855578563e+01
2.728675115175563270e+00 -8.765836094376510346e+01
2.733306850869082094e+00 -8.078877023261397028e+01
2.739848457746408172e+00 -6.830618016678081972e+01
2.740919819874237273e+00 -6.805273186306392574e+01
2.744298024930375224e+00 -6.029626582378147504e+01
2.746730843700315283e+00 -5.723339692317213689e+01
2.747775936569323285e+00 -5.400998047907512500e+01
2.749610120277862446e+00 -5.398918683176685107e+01
2.750586754699994252e+00 -5.250969913709204206e+01
2.750940314058127001e+00 -4.970267519464245254e+01
2.751405663905465371e+00 -4.942156529442698343e+01
2.754514566208007054e+00 -4.936768001112881166e+01
2.756402567880495535e+00 -3.866773059397533530e+01
2.760311942964740695e+00 -3.022439009326359027e+01
2.762437555621788388e+00 -2.659410205412968509e+01
2.767600869257024865e+00 -1.734610687999480305e+01
2.768264753062011696e+00 -1.427479581369792427e+01
2.771158159861487391e+00 -1.023483743725035211e+01
2.771315927835282800e+00 -1.361764580824540261e+01
2.782644135608664193e+00 1.828688947426998723e+01
2.792613730025742314e+00 4.330027161422538029e+01
2.793473772734373473e+00 3.727202802312186236e+01
2.800765912732771756e+00 5.876320408706595089e+01
2.804087886642633531e+00 6.976120668624166399e+01
2.806713658503023012e+00 7.269080736026302247e+01
2.807633733231859274e+00 7.797756524524932331e+01
2.809914305248453648e+00 8.389141260949894274e+01
2.812941068687468515e+00 9.572944314016092449e+01
2.814826469025537570e+00 9.188659206036533078e+01
2.824844733515794459e+00 1.303300889487077256e+02
2.830819793158443343e+00 1.458725422323194323e+02
2.836352796265597664e+00 1.656100216538608549e+02
2.836518532013478922e+00 1.662325876290399833e+02
2.847260278062297090e+00 2.002549116557347872e+02
2.850314401583693869e+00 2.058767739032840893e+02
2.850836463838542834e+00 2.079642971182169902e+02
2.851757680053873756e+00 2.158781185222556758e+02
2.854757061065561707e+00 2.172114956526236256e+02
2.856201699735530397e+00 2.308323657614309639e+02
2.857234495076284908e+00 2.356620090730513084e+02
2.859935894851409088e+00 2.440337078438128060e+02
2.860413078797656716e+00 2.397046204217320735e+02
2.870617207233719270e+00 2.826600262846833971e+02
2.870729618716752807e+00 2.792907360304921554e+02
2.874400553295912708e+00 2.934692072516672283e+02
2.875298068526332962e+00 2.998423562397800310e+02
2.875653982504718265e+00 3.040829114125745036e+02
2.885976243536311436e+00 3.450078854850976313e+02
2.888626083049388171e+00 3.559128081150407752e+02
2.889141218095519825e+00 3.568040887054394830e+02
2.893750428679476627e+00 3.728406872393811113e+02
2.895634370330760099e+00 3.841119203804557287e+02
2.899825661066986360e+00 4.013122428666122232e+02
2.909653093890141484e+00 4.477561059213307431e+02
2.911367109306701728e+00 4.527225171273273645e+02
2.917130581480090523e+00 4.756199011372145833e+02
2.919353886941403520e+00 4.931188541999491690e+02
2.919405488661420023e+00 4.906736495030597212e+02
2.921624082508101239e+00 5.022683045813336093e+02
2.925069257849892246e+00 5.209657348089931475e+02
2.927677446222343161e+00 5.324502605438752880e+02
2.927984799138950933e+00 5.329262530405923144e+02
2.928065177473637259e+00 5.327508458143947792e+02
2.929772977086478658e+00 5.411507986683113813e+02
2.930824995572062885e+00 5.501278901255868732e+02
2.933551686434188177e+00 5.625429327590435378e+02
2.935965701683177276e+00 5.698153777167980252e+02
2.938485335596328518e+00 5.871951675840167582e+02
2.938508412943430237e+00 5.898684252486212927e+02
2.941397419854367534e+00 6.051953252736337845e+02
2.943580104101028105e+00 6.161886138844430434e+02
2.945510486368295489e+00 6.245206814938796924e+02
2.952107653037277402e+00 6.631046503645138728e+02
2.952577871925869069e+00 6.645231215989061866e+02
2.956432332903960347e+00 6.761110305706387180e+02
2.959948337884742209e+00 7.062657285058702428e+02
2.968766432326383153e+00 7.545272839622957690e+02
2.971344332158885049e+00 7.772208431412414029e+02
2.971363649558533826e+00 7.771553238360610294e+02
2.972339716623326744e+00 7.811124964402971500e+02
2.974346095911639676e+00 7.947172045608253939e+02
2.977324992954564209e+00 8.097565282579043924e+02
2.981654213173230872e+00 8.405625180549958486e+02
2.984962215972769783e+00 8.534323547424113485e+02
2.987181003806081758e+00 8.779411597640701075e+02
2.993111025234350464e+00 9.182649725774599574e+02
2.993533063441759623e+00 9.207599399437760894e+02
