-1.569818487609361268e+00 -3.877884531321211359e+00
-1.568366081329472639e+00 -4.044409494573601549e+00
-1.560908981085065594e+00 -3.768984827576716601e+00
-1.557612514748596633e+00 -3.775951188535749736e+00
-1.557423225794631438e+00 -3.680815144992712451e+00
-1.551675115048748888e+00 -3.617269824076398965e+00
-1.551279939573950939e+00 -3.850047443727347307e+00
-1.545998025852354685e+00 -3.821810530356891000e+00
-1.538852298471898417e+00 -3.642049867159055765e+00
-1.537011743386420104e+00 -3.694017209039155425e+00
-1.536523457466216103e+00 -3.641151415905885980e+00
-1.535861135658747489e+00 -3.618094901616178305e+00
-1.534468363625381970e+00 -3.553648375767352263e+00
-1.505484759969306641e+00 -3.294663714382402464e+00
-1.502691783708472784e+00 -3.144116674774512177e+00
-1.501214792347217220e+00 -3.388212822538904323e+00
-1.499528289450330565e+00 -3.051597275675237420e+00
-1.497897807330601294e+00 -3.252304195328909131e+00
-1.494586679215551550e+00 -3.465238695003151737e+00
-1.490882715609159526e+00 -3.156871821808995726e+00
-1.490322194135766276e+00 -2.933919075780770047e+00
-1.488661889695063856e+00 -3.215991086286548839e+00
-1.488430440911416408e+00 -3.289291730712131212e+00
-1.487969157861640968e+00 -2.907350236719132397e+00
-1.486834721307534135e+00 -3.412667509392552478e+00
-1.477608024570548961e+00 -2.900577931276545840e+00
-1.469556890852075082e+00 -2.875931693041427373e+00
-1.469177085946642425e+00 -2.870299163273902110e+00
-1.466931459241025193e+00 -2.759659474697629733e+00
-1.462023334929265062e+00 -2.580066453895064615e+00
-1.461729892997932767e+00 -2.521828411292094785e+00
-1.457267704140178699e+00 -2.686135419988969097e+00
-1.456108247211734374e+00 -2.761687462651019942e+00
-1.453754991737989943e+00 -2.668591967980621149e+00
-1.450434620355908644e+00 -2.385818634217209411e+00
-1.444721698386833841e+00 -2.653901044343449644e+00
-1.441956356131606443e+00 -2.851652791844732526e+00
-1.435219570790266408e+00 -2.466919585641528467e+00
-1.432496686010004794e+00 -2.696559997834932609e+00
-1.431818812541514552e+00 -2.387645646235934116e+00
-1.430840907792153116e+00 -2.133446332942612322e+00
-1.428177067081083162e+00 -2.270865273962573649e+00
-1.427802005571456423e+00 -2.377442823830311358e+00
-1.422630696784607185e+00 -2.003893227874938621e+00
-1.421830614059221176e+00 -2.124095292762373077e+00
-1.421546647518163287e+00 -2.258709048326169810e+00
-1.419663241622191707e+00 -2.157095102627357264e+00
-1.416744090606977258e+00 -1.979050220658665094e+00
-1.407861569570214133e+00 -1.881756273467265483e+00
-1.402619932098413180e+00 -1.745915794202154592e+00
-1.402023626206906570e+00 -1.921796242797782384e+00
-1.397583614039060063e+00 -1.836566019026177887e+00
-1.397537568847958322e+00 -1.802629151215694447e+00
-1.390504296844691456e+00 -1.883586073502743208e+00
-1.385811367049782916e+00 -1.646712145501147528e+00
-1.385452538092601049e+00 -1.542244391737189080e+00
-1.384883417158767616e+00 -1.526274115263042574e+00
-1.383187285758873841e+00 -1.476015281068650875e+00
-1.381813183907903975e+00 -1.540481784919649044e+00
-1.381109467389476153e+00 -1.663471439546979402e+00
-1.369588012550383427e+00 -1.237531834814821430e+00
-1.369462500944830019e+00 -1.788762849839526714e+00
-1.368136523085231815e+00 -1.244288846491520939e+00
-1.355025306666527207e+00 -1.212478898568286390e+00
-1.353353990152248887e+00 -1.154270697593038353e+00
-1.349344305934369714e+00 -1.212026831148369288e+00
-1.346085419873392919e+00 -9.407238498938415017e-01
-1.345570325972263337e+00 -9.176594067245585906e-01
-1.344992835141385346e+00 -1.186375355448736624e+00
-1.341263526080448631e+00 -9.338201088008249995e-01
-1.340868858478894587e+00 -1.143839898269197297e+00
-1.340419871871029622e+00 -1.042353342776084046e+00
-1.331141677171465698e+00 -8.912611713995423068e-01
-1.330775138440517535e+00 -7.304574442373423793e-01
-1.329700111731843659e+00 -1.076941499619878950e+00
-1.329081641756178822e+00 -8.549039867883539978e-01
-1.323368255797902293e+00 -8.691807201839872876e-01
-1.322480314100731746e+00 -6.259749206403072419e-01
-1.322355818169890451e+00 -7.692816391441088530e-01
-1.321333237361155710e+00 -7.011014184497410540e-01
-1.321229451001092015e+00 -6.203728225792235484e-01
-1.320178113745311466e+00 -6.781747308885989201e-01
-1.319176460794509786e+00 -6.832689855072111573e-01
-1.318004374532785405e+00 -5.857174364074712036e-01
-1.311005449263120237e+00 -5.347228093006557437e-01
-1.307122263963946374e+00 -5.884370716442336446e-01
-1.303933095078412041e+00 -3.843263442120862239e-01
-1.301965540146434730e+00 -4.452716023811400525e-01
-1.297729492502441406e+00 -3.665445886654412622e-01
-1.296119841204525169e+00 -6.253599734199295490e-01
-1.287750631263223422e+00 -3.655520033673092528e-01
-1.277966292065813025e+00 -3.968039781180598968e-01
-1.265188093111853318e+00 3.880357242270100759e-02
-1.259742299166653590e+00 -2.064699672760977600e-01
-1.257632988242890937e+00 1.084180389375082737e-01
-1.256503221349408950e+00 -1.756430681494396406e-01
-1.254441761847788328e+00 8.336219118448250087e-02
-1.248442252904706340e+00 7.251426244652529884e-02
-1.243009593485871367e+00 2.403321274631181059e-01
-1.240726624099314002e+00 -2.523804035489134456e-01
-1.240408596097730909e+00 3.161131895722880669e-01
-1.237284285007892892e+00 1.778475522095607220e-02
-1.236506730546377053e+00 2.337181799973590546e-01
-1.234135200130168197e+00 3.624165821893111650e-01
-1.233555666845001397e+00 2.778538437896472812e-01
-1.232999622105926729e+00 2.117755132190850820e-01
-1.232699665163768055e+00 2.663056358172809501e-01
-1.230523971181170628e+00 3.184819276848677161e-01
-1.229085192042379759e+00 3.900633692145197284e-01
-1.227338115571251720e+00 2.834500161602552248e-01
-1.226800102826001826e+00 3.142960593823740378e-01
-1.225200362192445658e+00 3.437776070310550325e-01
-1.220554402633485358e+00 2.574077659257896777e-01
-1.217623902033855510e+00 3.593682180518186775e-01
-1.211206677132750542e+00 5.021290461115923698e-01
-1.205137249963788459e+00 2.381193135544024675e-01
-1.203703871000221692e+00 5.006219180873001662e-01
-1.198673610936237921e+00 6.705947339154799680e-01
-1.182501712458882803e+00 6.994375869948121771e-01
-1.182402277014550140e+00 7.036017721835068350e-01
-1.181044631685762347e+00 7.287384889681426392e-01
-1.179897210961722287e+00 8.140952093457258787e-01
-1.179806255419289851e+00 7.853955287740002067e-01
-1.171367899283587422e+00 7.730287012290505411e-01
-1.170301254029113114e+00 6.180092084978786593e-01
-1.167204414295020642e+00 8.109734141026584409e-01
-1.163388767823865466e+00 6.776170386777895516e-01
-1.163149452769900671e+00 8.013815307392642140e-01
-1.161566236298034571e+00 8.547762118955080091e-01
-1.161349103187991449e+00 9.316361653857920810e-01
-1.155500711124914037e+00 7.341230087881224220e-01
-1.152677019795946389e+00 6.775391127064456231e-01
-1.149788092080643143e+00 8.778002206607991020e-01
-1.142919416220579132e+00 1.027983518949210362e+00
-1.131886843816226618e+00 9.879169082851757544e-01
-1.126487279356009674e+00 8.625418534673112703e-01
-1.121463457543423692e+00 8.548630134738173236e-01
-1.118932196345829633e+00 1.100082188984855103e+00
-1.114024370759482796e+00 6.231835178711910839e-01
-1.112328270961216559e+00 9.479134030773224140e-01
-1.110944340313608114e+00 1.093447215394373062e+00
-1.105093657936780271e+00 1.197522410533102377e+00
-1.103885172094929201e+00 8.428079003120924062e-01
-1.100176772825028459e+00 1.193902977686823075e+00
-1.099900334456237694e+00 1.204670964966189306e+00
-1.099202120413161454e+00 1.162281931373482013e+00
-1.096906282376489017e+00 8.354080941405593874e-01
-1.092704850428170005e+00 9.725715024756507177e-01
-1.088591721178723049e+00 9.692336460605907034e-01
-1.087695086900469343e+00 1.225850874379666111e+00
-1.078724764118580870e+00 1.136387770126453756e+00
-1.076297948711922192e+00 1.190115209385329331e+00
-1.074377368841390012e+00 9.798495725163399728e-01
-1.070603508594955677e+00 1.230842257619310320e+00
-1.069223196046625413e+00 1.181027847545873755e+00
-1.065577248769318697e+00 1.078212295437164236e+00
-1.064489031983382850e+00 1.225935013581442856e+00
-1.061745501777382250e+00 1.257248896481006906e+00
-1.060698519951920993e+00 9.233415048195171559e-01
-1.059277665448996819e+00 1.203003194942279475e+00
-1.052652068472561986e+00 1.034333918798800322e+00
-1.047560684754705651e+00 1.217528826930223129e+00
-1.043979475007571933e+00 9.507523278281411194e-01
-1.043847673880075488e+00 1.033527881976074703e+00
-1.042669770358269243e+00 1.211920611820090032e+00
-1.042202812448772775e+00 1.298657322575879736e+00
-1.041426296171612087e+00 1.257800456547217616e+00
-1.039218984868559126e+00 1.143035787543665860e+00
-1.037200487498914692e+00 1.235612647421708399e+00
-1.035622597930895283e+00 1.277499000389541450e+00
-1.031809898981955076e+00 1.077478912679922463e+00
-1.030054165801468358e+00 1.216900229649274134e+00
-1.028389906636058670e+00 1.255682671429517505e+00
-1.026610770991062349e+00 1.078399220754791443e+00
-1.026505045961399798e+00 1.307873792951110614e+00
-1.025741121404665002e+00 8.842950696231053342e-01
-1.025369835341717994e+00 1.152867956232711322e+00
-1.022721334388891012e+00 1.036324046066362747e+00
-1.020326611228989933e+00 1.222322601032666878e+00
-1.012644685762892571e+00 8.322175884499171117e-01
-1.012325622581536688e+00 9.677931139975854968e-01
-1.008593503877542208e+00 7.762430810447975560e-01
-1.002505353306694991e+00 9.630724402410435481e-01
-1.002310692462392794e+00 1.071555472518220808e+00
-9.969742888696070393e-01 9.906722081673969837e-01
-9.968548726577245445e-01 1.274191048592461684e+00
-9.949496571259319744e-01 1.253479212624144523e+00
-9.915103639079061448e-01 1.108357046439162774e+00
-9.879250837048968448e-01 1.210399613240367600e+00
-9.876980327702933327e-01 1.090304007172246958e+00
-9.820823372658803452e-01 1.256284220957906150e+00
-9.754583342156342152e-01 1.234342897420950713e+00
-9.635043902981574870e-01 1.200727273931983863e+00
-9.599767285282020390e-01 1.225587513768552350e+00
-9.591627012654549977e-01 1.238982129787326025e+00
-9.589494473654227580e-01 1.186617053054056292e+00
-9.520478228434201551e-01 1.185873618878840352e+00
-9.507762462326968533e-01 1.185878591738924293e+00
-9.428243433670463469e-01 7.832961300450290709e-01
-9.409899666218319858e-01 9.336680062197869612e-01
-9.395895747720238722e-01 9.187129440573750250e-01
-9.312497115326686670e-01 1.166215341826020602e+00
-9.304484105043092645e-01 1.039932453075087526e+00
-9.285840758440667697e-01 7.275744095127720801e-01
-9.272784689263953162e-01 1.119213629703856627e+00
-9.244361132541497605e-01 1.002318298226044568e+00
-9.233272716520039003e-01 9.355353009462360481e-01
-9.158939615116602484e-01 1.000322950292024116e+00
-9.131811005372627577e-01 7.209789501543658607e-01
-9.116981441489400151e-01 1.093521688813813508e+00
-9.010952759856596384e-01 8.892696330535340143e-01
-9.006954689514685697e-01 8.640564456596239173e-01
-8.963600039714090251e-01 8.244788745982879474e-01
-8.959919578211039681e-01 1.030099592009663834e+00
-8.953605684364305262e-01 7.147491118186277692e-01
-8.929263748359754782e-01 1.046011989193727620e+00
-8.918530399237029060e-01 8.319814189744921817e-01
-8.909514425486496636e-01 6.377613956152252683e-01
-8.895811134418489807e-01 9.279618843697649000e-01
-8.889108186595204852e-01 8.680934052474934548e-01
-8.871305728237411925e-01 9.862182692177825505e-01
-8.850012304869426805e-01 9.853360398435577761e-01
-8.832640962738440571e-01 9.891287544093041451e-01
-8.781525858562039266e-01 9.517011329620618243e-01
-8.767739468218823662e-01 8.771419947403992223e-01
-8.688240042792446660e-01 8.720546280267215122e-01
-8.630835425383494020e-01 8.617153743520981068e-01
-8.603612818962196318e-01 5.728711801174655172e-01
-8.586748899810424662e-01 9.295798591439828895e-01
-8.550762546001310360e-01 7.922991492946290792e-01
-8.546169761428069611e-01 7.483059191267688037e-01
-8.539767578750367960e-01 8.863285480509817127e-01
-8.539580130118935575e-01 6.988151046241826148e-01
-8.490974106083053474e-01 8.287727278713070689e-01
-8.470483974744824618e-01 6.029954713086724816e-01
-8.459594697724687196e-01 6.486628055456983288e-01
-8.459284706659364605e-01 8.526674729615214554e-01
-8.350985180138984498e-01 8.020754148123511174e-01
-8.256323585249074615e-01 3.320650046936229893e-01
-8.232314805635179145e-01 5.699172866883543964e-01
-8.222061626122659783e-01 7.614038574540679116e-01
-8.201949010223168468e-01 7.400080025148316754e-01
-8.188055461607766095e-01 4.816972513420537672e-01
-8.178273052003743881e-01 6.042993899389336176e-01
-8.154080439428426086e-01 6.277248805021038436e-01
-8.107765529288756268e-01 3.566430509272223714e-01
-8.082402324968932517e-01 5.159281934306488848e-01
-8.022382845061651890e-01 4.754470547384613832e-01
-7.967944541970480854e-01 6.304476419220261807e-01
-7.900942420469705407e-01 6.658470930801438925e-01
-7.896775507249929049e-01 4.585815476962188386e-01
-7.882499238044330392e-01 1.464142303830750502e-01
-7.872092088720388237e-01 6.159596106596860743e-01
-7.841902432419828317e-01 5.274819861386639275e-01
-7.811204896140454546e-01 5.320631406235065697e-01
-7.805398493362608603e-01 6.053709907990478811e-01
-7.773842956513242752e-01 5.523525084966431908e-01
-7.772183771128901020e-01 4.955491680216972950e-01
-7.753496487811434301e-01 2.828494146108079810e-01
-7.733980064759725659e-01 5.269383455348743972e-01
-7.676685840032926311e-01 4.742322098433436328e-01
-7.651423620843655904e-01 4.865161944766897562e-01
-7.633154347338868551e-01 4.312147185189709186e-01
-7.588904906088360658e-01 4.487691178462842601e-01
-7.556704632595437898e-01 5.225578209773520388e-01
-7.553096177114829723e-01 5.089255426631953405e-01
-7.542134137960352369e-01 2.509516152192747263e-01
-7.534652595804109954e-01 4.531531165009480278e-01
-7.501047378218487216e-01 5.051724506057071462e-01
-7.491683894436453883e-01 4.495531976464192114e-01
-7.477759884232438869e-01 1.095327683403211627e-01
-7.456795847935998589e-01 4.927258857106052714e-01
-7.455016085884055288e-01 4.869416552200391268e-01
-7.448081758656796003e-01 9.205747409495373956e-02
-7.422214842631222886e-01 4.124470698325014006e-01
-7.371694443589574819e-01 2.854322966814258900e-01
-7.329812611593622407e-01 4.030183692034500775e-01
-7.311483430424771113e-01 4.343248443812416371e-01
-7.298314376980807872e-01 3.337387580608054960e-01
-7.254495153257091156e-01 -2.749438762943767767e-02
-7.228287941248694448e-01 3.993471698134365422e-01
-7.226866298444772907e-01 1.581896874962887556e-01
-7.200028804373900249e-01 3.611486641604285119e-01
-7.166252395750776216e-01 3.949899866122360548e-01
-7.093449188225929847e-01 1.256792311606360346e-01
-7.076844338799362921e-01 3.208174049707110398e-01
-7.075858006664925703e-01 2.049954267569734923e-01
-6.865342322557693722e-01 2.254702080845835954e-01
-6.846097639056333284e-01 2.746544320274518780e-01
-6.846019669554457288e-01 -3.281906323368051215e-01
-6.835404735602711446e-01 2.397832270373278507e-01
-6.811466716747467398e-01 1.806062138406329398e-01
-6.762656091029860539e-01 2.032313733074483375e-01
-6.731246614841691622e-01 2.023353812175233135e-01
-6.724955491775619354e-01 3.541569459917943974e-02
-6.674183729484964855e-01 1.432379213541794816e-01
-6.629669164180864716e-01 7.290801945015497332e-02
-6.543198951159275856e-01 4.815655624280192060e-02
-6.521763430801722494e-01 1.191622740591867097e-01
-6.403246003913533047e-01 1.445478332335971561e-01
-6.390248041787730537e-01 1.736997463906058137e-01
-6.372395998931847938e-01 3.417575576683834493e-02
-6.350413645884743774e-01 1.757532729740491073e-01
-6.283445330927930339e-01 3.012027376475016546e-02
-6.241093341329501110e-01 -4.032771718193713106e-02
-6.225908376993048998e-01 1.244927611442520066e-01
-6.224614552054149597e-01 1.352684582588762341e-01
-6.210307205728357038e-01 -2.830696067324880646e-02
-6.174406980310197524e-01 1.205128524844790855e-01
-6.070522636724506871e-01 -9.825215234561704425e-02
-6.019340993195340106e-01 4.555712508133664962e-02
-5.894400865169666659e-01 -7.521993564693907341e-03
-5.882844223976679832e-01 -7.025674611523316515e-02
-5.870176228343354508e-01 -2.421420399784348643e-01
-5.849259142119885846e-01 -1.438915230627312858e-01
-5.821798088166999507e-01 -8.907279882615651290e-02
-5.742535130841378566e-01 -5.641818531014312910e-02
-5.715534795990999672e-01 4.181726256912926543e-02
-5.668963093054601998e-01 -1.388563243847230066e-01
-5.668214687423709375e-01 -5.404721119506323834e-01
-5.630532996302948234e-01 4.062008751692863795e-02
-5.611750924862157763e-01 -1.163316955706284184e-01
-5.608410671973635964e-01 -3.647205874470770270e-01
-5.605582009536409505e-01 -4.375871130485781690e-01
-5.569567183791757081e-01 -4.656074920449932986e-01
-5.518763230570011835e-01 -1.262875760905522171e-01
-5.517923167633254078e-01 3.168701655538350148e-02
-5.470302103161250873e-01 3.528593110171959757e-02
-5.467094309111399930e-01 2.820223862987288055e-02
-5.466457304538929751e-01 2.523701511863685187e-02
-5.460796698106911151e-01 -3.106074030129588048e-02
-5.412550399048217109e-01 -4.332684294097775002e-01
-5.353557901425047838e-01 -4.513346279486185608e-03
-5.323504837263166589e-01 -2.792144414214108861e-01
-5.293276777070821115e-01 -1.322630335328808804e-02
-5.238161084675270196e-01 -4.345427347283717379e-02
-5.188074091016710021e-01 -2.881693464564792362e-01
-5.167462068339854220e-01 -2.014816516346967235e-01
-5.100625911405933799e-01 -3.892693461357639162e-01
-5.067276536710114687e-01 -3.533815228853225965e-01
-4.953881142717220243e-01 -1.074434886113845300e-01
-4.942572590170475344e-01 -6.924238370320218161e-03
-4.928731841213354059e-01 -1.363107403997720346e-01
-4.883557263947262417e-01 -2.040229956873897410e-01
-4.729687215411972900e-01 -1.849359207476978795e-01
-4.717464247186331505e-01 -3.725216579975278997e-01
-4.666493580002182284e-01 -1.033351333922643833e-01
-4.487119629289106904e-01 -5.174913784304738806e-01
-4.483543977526651680e-01 -2.545268324283594952e-01
-4.483065937153005720e-01 -3.081328318271769895e-02
-4.458269094745714867e-01 -5.665021494870581265e-04
-4.457528652715909701e-01 -4.392638606874168516e-01
-4.416045373491832571e-01 -1.831783094419105196e-01
-4.407706242133699881e-01 -9.596954387293579747e-02
-4.397300560762407162e-01 -8.171450419641429486e-03
-4.390197156342754425e-01 -1.452702351914071655e-01
-4.354682662214548472e-01 -2.176607872943362443e-01
-4.352612628503165215e-01 -5.787002085075221292e-02
-4.335240228596421996e-01 -1.513015696196945703e-01
-4.261879421540579749e-01 -6.737033870446021422e-02
-4.233551735040670394e-01 -3.318199170090208039e-02
-4.217072429174155701e-01 -3.981253321500026199e-01
-4.198152013533051896e-01 -2.489805816583486042e-01
-4.159964069131529829e-01 -2.341374444209370909e-02
-4.143990049827719346e-01 -1.028754427207854150e-01
-4.035579603673891125e-01 -5.138192835362850319e-01
-4.012935609608629939e-01 -3.900682936444423987e-01
-3.993257612771132781e-01 -6.123742594510928061e-03
-3.977974994761876992e-01 -6.264837701344989629e-01
-3.948394594989725892e-01 -4.990940651736897049e-02
-3.942108850581982349e-01 -2.659224143479785307e-02
-3.896653776554697135e-01 -6.514660834774771425e-02
-3.889576561649548125e-01 -8.013190755010815569e-02
-3.875351416245387259e-01 -3.438017152977035362e-02
-3.756835363289077190e-01 -2.957806164747897593e-02
-3.733200084866552526e-01 -6.427534234961265747e-02
-3.732791793533181135e-01 -2.409757607799101753e-01
-3.731478920579116565e-01 -2.226926348019286073e-01
-3.679877407475560247e-01 -1.775991265263666408e-01
-3.638942661505657483e-01 1.130535402320229088e-02
-3.631393041851125325e-01 1.268757462952463388e-03
-3.617104565987439013e-01 -4.320642229053441863e-01
-3.487938244320545333e-01 -2.062273009291853421e-01
-3.432687343967395499e-01 -1.013245762638249059e-01
-3.395871021806775580e-01 -4.894977451907339683e-04
-3.375393032541766924e-01 -3.780063708607934725e-01
-3.339472149666153911e-01 -3.071467849987483123e-01
-3.331838742769275274e-01 -4.893160951446776097e-03
-3.293710679229773231e-01 -2.958006931208146950e-01
-3.288292849080938218e-01 -8.093123992649843557e-02
-3.246165397731692881e-01 -3.393806995351691946e-01
-3.244442837773087174e-01 -5.172573651011992679e-02
-3.206046193194855842e-01 -1.164228226596451810e-01
-3.203942513787760848e-01 5.314687985459938535e-02
-3.197162592295916816e-01 -8.730487195011463197e-02
-3.189569749426424128e-01 -6.341478370416668564e-02
-3.129658297751187757e-01 -1.419660468241321083e-02
-3.100695066704275416e-01 -1.375500123431282196e-02
-3.092850162215008414e-01 3.528019931900872042e-02
-3.070554667678133676e-01 -4.936514270611420951e-02
-3.059244097922253491e-01 -2.566944098525668627e-01
-3.018443244041923990e-01 -4.708055277662129834e-01
-3.017311151565147398e-01 -1.506076380878603738e-01
-3.008045366581180158e-01 -2.297808975197695724e-01
-2.983183680189869236e-01 -1.114076480062353991e-01
-2.975430917897825545e-01 -2.219722819251965240e-01
-2.933731506203216544e-01 -2.161375917661853552e-02
-2.879843953480387686e-01 6.987299496882175276e-02
-2.858144957674018105e-01 -1.067064454258603440e-01
-2.822438243962783755e-01 -2.565138869543095446e-01
-2.689024165784243969e-01 6.017759256031747495e-02
-2.623042583570571740e-01 6.409024128503751361e-02
-2.616708817023956080e-01 -1.514959784017026745e-01
-2.589055052058262252e-01 -2.757180127896345645e-02
-2.579357394968575523e-01 9.342940652185005579e-02
-2.537587101871365824e-01 -8.255414702771649016e-02
-2.477875392388768638e-01 -2.228286986775268597e-05
-2.453484707097686179e-01 -3.318544204777699319e-02
-2.437534121769187045e-01 4.487922991069333289e-02
-2.412479373145444139e-01 1.970603626374259343e-02
-2.384763671085881054e-01 -4.888141115342335696e-02
-2.383770236329427750e-01 3.561478464293960089e-02
-2.377409884154444430e-01 2.172495167322271298e-02
-2.330121469439858650e-01 9.622956532060394919e-02
-2.265547602453152898e-01 1.099884724005878167e-01
-2.260984982815166244e-01 -1.581132271217235430e-01
-2.187615629343091506e-01 -1.006701059706210655e-01
-2.111985526325819151e-01 -3.056186130462117123e-02
-2.072155470647898401e-01 -1.739701422719648338e-01
-2.041527972769130450e-01 -2.976196208668474563e-01
-2.040288580435101196e-01 9.227965880232746887e-02
-2.033660374679964189e-01 -1.950741215346627477e-01
-2.018305424484474475e-01 9.500968926760632038e-02
-1.948629808277713149e-01 9.423200542733856100e-02
-1.941728843601380206e-01 -2.236387244089975135e-01
-1.864749111894183908e-01 -2.075716022929069426e-01
-1.854368648228497118e-01 -4.016598780057601958e-01
-1.849700938265650407e-01 -8.888617646670599060e-02
-1.831416937241414633e-01 8.368459896498407768e-02
-1.813019003203275581e-01 -1.841570820946341822e-02
-1.811358638220676998e-01 1.190691890205249903e-01
-1.799981014984952665e-01 3.413439483154824539e-02
-1.686871211222151778e-01 -1.652369946820836932e-01
-1.653753153877675075e-01 -5.042307501347424031e-02
-1.653351780318503828e-01 8.957428294328212415e-02
-1.622234794225632104e-01 -3.632540824908160604e-02
-1.620890972086206361e-01 9.682797619826004343e-02
-1.566663086298116792e-01 -8.395789445453627486e-02
-1.487551338706007975e-01 1.133142228411786190e-01
-1.436331116248488193e-01 2.485086953572877844e-02
-1.431673175464556191e-01 -5.560988307465269259e-02
-1.421636087004816140e-01 7.704165921987794763e-02
-1.398452588374963224e-01 1.344113629990925374e-01
-1.338123828192052667e-01 -6.032993143368672873e-02
-1.290905631900405304e-01 1.017528834417878864e-01
-1.276143663893372082e-01 7.904505663627986456e-02
-1.241140476317537100e-01 -1.110865868833277037e-01
-1.221410669262910087e-01 1.058219303915973325e-01
-1.215417127703282141e-01 1.104380463710716437e-01
-1.211468875309675841e-01 -1.542687513473286684e-02
-1.165936653761454611e-01 7.280612875793508743e-02
-1.080978437619211086e-01 -3.582631438111866795e-01
-1.030713284465702984e-01 1.539955424940366857e-01
-1.020175106315939217e-01 1.183803991108746678e-01
-9.612441497711476934e-02 1.602484307842428068e-01
-8.688788845051154119e-02 -2.390679447156288662e-01
-8.547118604343273418e-02 1.400008932831093844e-01
-8.426872129221663066e-02 -2.662510776436089605e-02
-8.072432448828492646e-02 8.163644745628771682e-02
-8.047026952871072503e-02 1.069107568415437609e-01
-7.965223659585096705e-02 1.479916381870846620e-01
-7.563108942463059314e-02 9.725587405638669303e-02
-7.534648395355358907e-02 -1.093522635666910325e-01
-7.319533100819031191e-02 -1.704061039128879351e-01
-7.029010590269968439e-02 -1.552583409203732792e-02
-6.747555701122265326e-02 1.474011373244786816e-01
-6.233352623362287126e-02 -2.014128752089860142e-01
-5.201262161303432663e-02 1.197962941825142513e-01
-4.955691258944616706e-02 6.198554592121762602e-02
-4.634123471778384129e-02 1.409350297133021845e-01
-3.416000654185702423e-02 1.043097332466807747e-01
-3.291216902444626946e-02 9.321613782590169872e-02
-3.275980665641076151e-02 1.833724401557145986e-02
-3.056057050239568973e-02 1.244227617830192256e-01
-3.009251447082639253e-02 -7.901983401296668041e-02
-3.001737416177108209e-02 -6.089953560686864331e-02
-2.817929355917669909e-02 -9.748633200235612417e-02
-2.817149675554997401e-02 9.086353014895261204e-02
-2.638637988624181752e-02 -2.445087367123012848e-02
-1.970896277762856919e-02 3.293971584992027440e-02
-1.911738699042220269e-02 -1.528256834733472957e-01
-1.771213861815090773e-02 1.519839203755611878e-01
-1.657152260221717022e-02 4.842623436635295348e-02
-1.466749687333468444e-02 -2.279425548692655956e-01
-1.084998610328935520e-02 -3.827241444711414892e-02
-7.208253104153738988e-03 -1.463203688070842910e-02
-2.272331723928155967e-03 -6.263474888628751958e-02
-2.034867001055040703e-03 4.634979410978973258e-02
-1.686325484359985083e-03 1.332587362092305383e-01
1.008362186597278054e-03 1.169846670988204523e-01
2.526323605406277650e-03 7.041183634850052553e-02
3.070430901937148960e-03 -1.162647301035372449e-01
8.045870664671772587e-03 1.056874094241712914e-01
1.000092836468180479e-02 4.330622443034876090e-02
1.109816203907398879e-02 -9.971988926727323732e-02
1.194637873262327510e-02 -3.958625349178655772e-02
1.640948479565196294e-02 -9.691472250067260930e-02
2.258035865270402454e-02 -1.552698575261085845e-01
2.450292788539765176e-02 7.715800737699102241e-02
2.770685099335268298e-02 1.322991842322081002e-01
3.078177533506609720e-02 -2.723831906068642783e-01
3.506832837284656890e-02 -2.993119047132692390e-01
3.631963468227206171e-02 -2.307893514580922067e-02
4.168195910165883866e-02 -1.451966511527224557e-01
4.629597558340714514e-02 6.892855067044602324e-02
4.699415045537569391e-02 -2.431318495293783577e-01
5.107324859324435806e-02 -6.525861376578707962e-02
5.230787950919868479e-02 -2.452570876392643484e-01
5.454183835162540461e-02 1.629785822483411639e-01
5.955012544785254214e-02 -4.530113757715142041e-03
6.535061907807282466e-02 -1.656898021632244311e-01
6.759784983142891335e-02 -8.036270219921444469e-02
6.982816840078243104e-02 3.490393607340683269e-02
8.047124783934966885e-02 6.130731172813039254e-02
8.153115466977500780e-02 1.587254858666851121e-01
8.337096181917291737e-02 1.517208950521662658e-01
9.643912635702522884e-02 -3.864409554588575935e-01
9.953797709829248497e-02 1.609123547879835747e-01
1.079653533424436151e-01 -1.317134448647354697e-02
1.115707882796597161e-01 1.113400307082689222e-01
1.134356001833063399e-01 1.583319804921120011e-01
1.176903245542588738e-01 9.572579248427390275e-02
1.192007243702379871e-01 4.911832806116701866e-02
1.254196572670596144e-01 1.215481896202026402e-01
1.267329400857184485e-01 -2.954337965961704171e-01
1.293499473760164609e-01 -3.821857056554442411e-02
1.293845343519717250e-01 -1.317993125621686780e-02
1.311955836914215912e-01 7.408035227724318883e-02
1.313133705820976882e-01 1.291928878411705006e-01
1.330176610560376282e-01 1.196696639127941691e-01
1.359958430126595452e-01 -1.176684938332636793e-01
1.380616794743765308e-01 1.441503541038634539e-01
1.381600947650976074e-01 -2.932956846260328237e-02
1.415374747719333470e-01 8.801651935706583663e-02
1.446648758026831683e-01 3.234422752360169989e-02
1.473882404609740959e-01 1.162888769448464227e-01
1.581189918538676853e-01 1.095749470822356963e-01
1.590684798089940788e-01 -4.859312248278674362e-02
1.611361677944631587e-01 1.377349341532407845e-01
1.616913769401822076e-01 1.416615113354738331e-01
1.645061415781194913e-01 -4.233323065390667134e-02
1.660239430090493240e-01 -3.202300178085409899e-01
1.684753343867386732e-01 -1.589229863867345216e-01
1.735453914270714826e-01 -2.837325895157831457e-03
1.752577116358926546e-01 -6.334609931451969100e-04
1.756551901697263052e-01 1.057088206479175341e-01
1.767233543047068700e-01 8.680266044640826129e-02
1.801844885650529804e-01 1.364817083525148855e-01
1.806813346200286663e-01 -4.945957577024220897e-05
1.808160934907192541e-01 1.864465406478851839e-01
1.820569937179272735e-01 6.356881353686236191e-02
1.823483920866162400e-01 1.153865517503848553e-01
1.915147781651842518e-01 3.679506002470573495e-02
1.932945428636416718e-01 -1.205542480095374638e-02
1.960565114510062212e-01 8.395142454510820529e-02
1.960874154791452106e-01 9.160332653517663792e-02
1.981825746513548037e-01 -4.087120513851736359e-01
1.993541720139389017e-01 1.772705135156426026e-01
2.003615164767540424e-01 1.291146813746666677e-01
2.008135927609770999e-01 -3.882130344300709357e-01
2.017034530378110091e-01 1.990499885863300233e-01
2.026044017316319668e-01 1.894131902417051094e-01
2.045632559586212373e-01 1.094544423341892586e-01
2.091574533794053892e-01 -2.969313622576768563e-01
2.093201768436292465e-01 -9.746012038292224677e-02
2.115605531707580589e-01 -1.802777272783004370e-01
2.140614545973176241e-01 7.383952499617676968e-02
2.177575705022809505e-01 2.055558072682802107e-01
2.183042127710388414e-01 -1.949598850565462116e-03
2.192914281377698060e-01 -2.876373596406784916e-01
2.235187224205932299e-01 8.822585932829324351e-02
2.291317117738764786e-01 -9.732373126173818334e-02
2.307234485880922392e-01 3.695972890461170224e-02
2.308810839094663780e-01 5.067406640206207485e-02
2.332222067060369941e-01 6.757947099524605483e-02
2.345645167684029531e-01 -1.720323530439507032e-01
2.411383736442260783e-01 2.100732901504930306e-01
2.441041286307019664e-01 -2.414460686726314642e-01
2.476182884546205276e-01 1.817172713053150646e-01
2.634042419970330506e-01 1.883436544917053701e-01
2.702243385457225866e-01 4.570227138904314756e-02
2.722331578162657806e-01 1.714068196218752893e-01
2.752363120463414692e-01 2.267958491063836735e-01
2.793850457277284871e-01 2.779699883139882810e-02
2.887492405476932422e-01 1.477066407750876054e-01
2.905392043951233738e-01 1.024464078074567158e-01
2.946001220880776206e-01 1.456093457159162718e-01
2.955375946890235195e-01 -1.994699771763431828e-01
2.978169668586156948e-01 2.404943859853706511e-01
2.987694609752826747e-01 2.404642602539477370e-01
3.017360186188020599e-01 4.621956573382672573e-02
3.072453577004128356e-01 1.512157730296322389e-01
3.077244221756012532e-01 1.719113403614414004e-01
3.154249810649483177e-01 4.958385555503402875e-03
3.185242027842130064e-01 1.368927240792357780e-01
3.211957937521143780e-01 -3.498699900787689832e-02
3.238671997167965610e-01 5.560828257139026343e-02
3.261806680437542294e-01 1.747525855991302612e-01
3.266642716059997564e-01 5.807137291781619415e-02
3.269410943379900125e-01 5.570340100449808207e-03
3.297497778815365876e-01 1.352759780443142379e-01
3.359448005466549869e-01 2.066891413834701097e-01
3.379278249236465914e-01 1.957371898365048435e-01
3.403440871136997892e-01 2.772073641466041849e-01
3.403719991182472260e-01 2.457928207943087529e-01
3.423616177426564988e-01 -5.420610929994026939e-02
3.441816223291420673e-01 1.380798752308388666e-01
3.443582563926468332e-01 4.157238920800263027e-03
3.498582031120407443e-01 2.791066252512038881e-01
3.508256689909807768e-01 1.056959350055379637e-01
3.511989303531504181e-01 2.393702327371291516e-01
3.526769675234993073e-01 2.081595463971165350e-01
3.535850784997476293e-01 1.251670753168141192e-01
3.589508480081107233e-01 2.095363560474386155e-01
3.601835009478187022e-01 2.344234702556618477e-01
3.658907111271083590e-01 9.833381548891093060e-02
3.676678696390127676e-01 -3.558653256368976558e-02
3.693255517250326747e-01 2.469742417820774971e-02
3.773896290179328261e-01 2.451374007294853385e-01
3.793028359507291114e-01 3.011847751724259226e-01
3.816419001432596048e-01 -1.252445827420747837e-01
3.860158578148569219e-01 2.072098528427534225e-01
3.863093157757677698e-01 2.271505361155938263e-01
3.867671494834319379e-01 2.476221184161528088e-01
3.878557724352573732e-01 1.818371595044460109e-02
3.890435668443801287e-01 -2.719990565145129491e-01
3.898403890918860082e-01 2.793121372688958104e-01
3.923875266869456535e-01 1.750234884517766210e-01
3.972103005173244217e-01 2.799117834140329997e-01
4.004165490786857351e-01 2.414758872155673419e-01
4.009113572321196806e-01 -3.226479896642905354e-01
4.026440005641060971e-01 2.260236004335365034e-01
4.027948544336981129e-01 2.677886046953070753e-01
4.057338827093281974e-01 2.470181194038346129e-01
4.111067187390604616e-01 2.020626037015794685e-01
4.133860163598708226e-01 2.541875891268498000e-01
4.155165747613105420e-01 -6.387618382272650108e-02
4.173139031749615313e-01 2.791584858352842424e-01
4.174644456424170258e-01 3.184048749183554516e-01
4.315150619002880994e-01 2.793450222235082103e-01
4.347108981762533020e-01 -6.028429129738252512e-02
4.375146264916134342e-01 2.388644038476716580e-01
4.443568283132064423e-01 1.707522199813206742e-01
4.485170839658785269e-01 2.060865821064492565e-01
4.487400914220356363e-01 5.119456009561607068e-02
4.517138639307836101e-01 2.881584458116166481e-01
4.595410646312907410e-01 2.496972692342244726e-01
4.632637120049261092e-01 2.419892695987077846e-01
4.693136650737343984e-01 2.447488994745579960e-01
4.723712748416031282e-01 3.274202296644712629e-01
4.728811361323828066e-01 2.028424400566478936e-01
4.777726658320524677e-01 1.540781965564657630e-01
4.788965889882677018e-01 1.727008389397700350e-01
4.806595370237429776e-01 2.260645758916673964e-01
4.842977222699094142e-01 2.756062495328041040e-01
4.873046557927094291e-01 2.636165907720835477e-01
4.982023980332952462e-01 1.483493938430241466e-01
4.991123182800367708e-01 2.948170287398351741e-01
4.999948250282839624e-01 -6.970777174841763513e-03
5.001563774248025673e-01 3.035945810319543026e-01
5.001568666481417402e-01 7.486761768572977593e-02
5.029028236790211714e-01 1.727088789504529209e-01
5.034158917047482085e-01 -1.389986144150253677e-01
5.050484618802606462e-01 2.408594422196686791e-01
5.055999124523684607e-01 1.277426729472846412e-01
5.074516931650285834e-01 2.769977220011237140e-01
5.096880330440840545e-01 1.452677390221812637e-04
5.133521432869962986e-01 8.268821026593584089e-02
5.141724542709762424e-01 6.678800335021095602e-02
5.152362796443785697e-01 1.305276937208170729e-01
5.185676810900750056e-01 8.414467593616095642e-02
5.192892188801994102e-01 -7.723805409346221063e-02
5.242873927562317071e-01 -7.004714738550199549e-02
5.244689419496877392e-01 1.521590797977230847e-01
5.300133732751559634e-01 9.388781211434704677e-02
5.305745278766802464e-01 2.778275334251946727e-01
5.312765135545229889e-01 2.592104611627185085e-01
5.326693739551959794e-01 -2.729130613074612355e-02
5.341379161950503551e-01 1.303436632294807107e-01
5.379981214711597737e-01 2.903571241008658932e-01
5.390567996923958383e-01 -1.724561677259406067e-01
5.445384629408946964e-01 2.873050913755992863e-01
5.463578831690965032e-01 1.648581420687090793e-01
5.532528750075562662e-01 -1.827851794619450576e-01
5.551261510699578849e-01 2.822221569851681711e-01
5.557827136519071232e-01 1.288797015297210025e-01
5.648037602976878624e-01 -1.566838219974806545e-01
5.649125779506563028e-01 2.560152825593767223e-01
5.761297682358659245e-01 1.731264938705844303e-01
5.777257748172952567e-01 2.002954809010310533e-01
5.828503261556243764e-01 3.719291071056717024e-02
5.867511840925425659e-01 1.209593076652279720e-01
5.880996290121918157e-01 1.190302899211670012e-01
5.969054264245099439e-01 1.891658184608033255e-01
5.979698960208077452e-01 3.840462238168244891e-03
6.013248078583113276e-01 1.108706163612165757e-02
6.020878523689789930e-01 2.297769888032907132e-02
6.046730284216392803e-01 1.692390397540902980e-01
6.048180081382974471e-01 5.482671470488780646e-02
6.091926175830959522e-01 1.977821133948765853e-01
6.093338540614730015e-01 2.654561338143972271e-02
6.167458270861740921e-01 4.122036635409027927e-02
6.213558399731629045e-01 5.039586215286942505e-02
6.316473728717988401e-01 -5.223093543909428788e-02
6.328998313454978764e-01 -2.264947531745548914e-01
6.342434615108989426e-01 -1.979758446147873718e-02
6.398401297920184305e-01 -5.594925988959493779e-01
6.405241819473714848e-01 -6.189165965428077704e-03
6.412737495805966859e-01 1.058461885286016008e-01
6.466320086890564589e-01 -4.917484971585274478e-02
6.559223375486999963e-01 8.818266101909570664e-02
6.618091124641716227e-01 -2.912361017336814739e-02
6.639310415288699474e-01 4.504532076856793132e-02
6.698870717410438935e-01 -1.254655079452803856e-01
6.787135650670084175e-01 1.652970074789217314e-02
6.871482942163229524e-01 -1.177815169371313198e-01
6.884453232420861823e-01 -4.421923102067876199e-03
6.891420984202762945e-01 -7.495304413861594850e-02
6.896028221518348822e-01 -2.692739624013118505e-03
6.970632432416388191e-01 -1.509684848632739385e-01
7.001374356117997522e-01 -1.892972514956558494e-01
7.006535418892210210e-01 -9.126371209918507366e-02
7.023406174230295562e-01 -9.786638738717792774e-02
7.039189805553309753e-01 -9.690919574320019936e-02
7.128363443126057852e-01 -6.577288209551365172e-01
7.147275770503225267e-01 -1.331727743318869839e-01
7.174048572073727925e-01 -1.054887060731667103e-01
7.209176079962666961e-01 -9.377937460903346123e-02
7.215709025073033800e-01 -1.805324019995167562e-01
7.240490939430626050e-01 -5.869378043912213405e-01
7.243015998868362892e-01 -1.319412293889603571e-01
7.248942012379266941e-01 -4.395077974244312458e-01
7.252177731267694938e-01 -2.268353028854159237e-01
7.257928401581632549e-01 -3.250491597083906559e-01
7.344244183007080373e-01 -1.943323848225373962e-01
7.404996682627191795e-01 -7.043807003352959839e-01
7.449016215878838665e-01 -2.039552542897983267e-01
7.454204560804305046e-01 -2.795358457837803789e-01
7.470084430043368862e-01 -2.219804880828055715e-01
7.513086976182346000e-01 -5.314519903562369141e-01
7.530315456267322460e-01 -4.695036386307628873e-01
7.533560845108757675e-01 -3.964536079319516126e-01
7.640477410030173111e-01 -5.374201976811751047e-01
7.644180035096459491e-01 -4.124433233098043772e-01
7.717750866547961053e-01 -3.090773875393797443e-01
7.750167112335177855e-01 -3.239615341322913955e-01
7.773377637973943877e-01 -5.260462791904367830e-01
7.787767010281974045e-01 -3.025580186077928557e-01
7.804277301238662368e-01 -4.875616753155447847e-01
7.817504981184368873e-01 -5.327543101478111609e-01
7.883468453895283723e-01 -5.805873608705819366e-01
7.901581185165293952e-01 -5.580077601980327762e-01
7.915658925164983373e-01 -4.574171470823112928e-01
7.945781478639526441e-01 -7.581616639150683401e-01
7.995765134638923577e-01 -5.365495594039683125e-01
8.051560502397987484e-01 -8.480641789514383744e-01
8.144429836599758055e-01 -4.606160127557050732e-01
8.165428860005956579e-01 -4.382081734040872423e-01
8.172612860300825233e-01 -6.454450926834928159e-01
8.181945256161387015e-01 -5.004657744269549458e-01
8.188664293250158543e-01 -9.019783946879466052e-01
8.239883554847367009e-01 -5.879522663799685578e-01
8.244212360746066004e-01 -8.964810037032295842e-01
8.313503804996384972e-01 -1.053267828425368480e+00
8.351364605341360381e-01 -6.713155614501847834e-01
8.355223100805502234e-01 -6.379782949652386126e-01
8.458202169082569277e-01 -5.894091572843895843e-01
8.509163385322571216e-01 -7.698458935355557697e-01
8.542491501995583825e-01 -5.980362506933718514e-01
8.619808198310625613e-01 -8.114397026523640921e-01
8.631342884562283047e-01 -6.329785172936646109e-01
8.636151130117655228e-01 -6.469506449771655898e-01
8.643009654483964077e-01 -7.073839488103228490e-01
8.656207266122670774e-01 -9.894087051021017709e-01
8.675031517547990845e-01 -6.806985742061351097e-01
8.690674813775021157e-01 -6.366171120079233692e-01
8.760949177906423024e-01 -7.724264547342175602e-01
8.772142543634111611e-01 -8.374941025471481781e-01
8.802215453770543263e-01 -1.050247494936471959e+00
8.844983216472424026e-01 -8.271608824911211855e-01
8.870425600523050846e-01 -7.423144864743326243e-01
8.913539807624353273e-01 -1.071704244370083048e+00
8.965835588870403328e-01 -1.166267962678336101e+00
8.970250249582942814e-01 -7.881929105264590119e-01
9.033328319062094991e-01 -1.007512434002094448e+00
9.044337775628839005e-01 -7.928873181351728805e-01
9.050182343789088257e-01 -1.255727777938993928e+00
9.064550149999486273e-01 -9.529008801330336453e-01
9.086423455172472075e-01 -1.028288616569863922e+00
9.099287956572541525e-01 -7.771291641700420749e-01
9.176326180525946619e-01 -1.095445519451232474e+00
9.197256972073319936e-01 -9.767623538210671308e-01
9.212139551771931778e-01 -1.050590150565783087e+00
9.225528992729028488e-01 -8.262827446710869772e-01
9.264956775439303627e-01 -1.166353863701461657e+00
9.300473392275447893e-01 -1.026242801405378158e+00
9.385066671887289935e-01 -9.215034156567245560e-01
9.403211244070384112e-01 -9.069244955259528895e-01
9.463518800121475394e-01 -1.115555926580067636e+00
9.466821747892337768e-01 -9.831955035097519335e-01
9.477886364432523969e-01 -9.688336047442893673e-01
9.530618852151349074e-01 -1.021680467045476437e+00
9.544289268928469738e-01 -9.777735328989338726e-01
9.545300688325104588e-01 -1.167953452378397206e+00
9.578206246381819611e-01 -1.339289080419085565e+00
9.691972741081955611e-01 -9.493954606567802657e-01
9.723406830234169185e-01 -1.022516203491171893e+00
9.730886184238860537e-01 -1.244410297556548750e+00
9.791850097871668268e-01 -1.305415180923903185e+00
9.862330974580850729e-01 -1.140261223902591547e+00
9.872272117953655446e-01 -1.313725869932533818e+00
9.922524151188065744e-01 -1.058184211741170611e+00
9.967337533120663728e-01 -1.063995813792255163e+00
9.970565260765331672e-01 -1.169904850499754012e+00
9.987561943838278999e-01 -1.060613190671707118e+00
1.000754374546696024e+00 -1.094699214453234593e+00
1.004440117037740166e+00 -1.107070244095378353e+00
1.009336025905313239e+00 -1.189294385431670875e+00
1.010615215178709114e+00 -1.124000421346740275e+00
1.010971502838115654e+00 -1.058700593135848189e+00
1.016417758964344387e+00 -1.278371031110831169e+00
1.020974711296902981e+00 -1.103361177753270361e+00
1.025109761469597203e+00 -1.177861952007367208e+00
1.025644978193529511e+00 -1.280717603458235487e+00
1.028210939514055067e+00 -1.054014239448198165e+00
1.030496364236233919e+00 -1.104444031008338101e+00
1.032343138216771816e+00 -1.112026310216286173e+00
1.041160868949136287e+00 -1.352530474056283349e+00
1.047987026535711852e+00 -1.129113905498439374e+00
1.059151880409395563e+00 -1.014398477579333324e+00
1.059897976652374840e+00 -1.010005949901731537e+00
1.070967176264814746e+00 -1.217423652706937975e+00
1.077594390201147334e+00 -9.603280469689650101e-01
1.078125859219210447e+00 -9.700354882435309190e-01
1.079633448922987515e+00 -1.151721415367632950e+00
1.079931191369275734e+00 -1.329176499454774341e+00
1.080217170783917435e+00 -1.211741241800652347e+00
1.084245836071941582e+00 -1.058434849189227922e+00
1.086572314641494064e+00 -9.537594306768782948e-01
1.087183111999914242e+00 -9.977735916481254019e-01
1.087199281716895616e+00 -1.134183913451760173e+00
1.092716912279345642e+00 -1.074064519687961683e+00
1.096170017916840322e+00 -9.054755728210144294e-01
1.097787502772823220e+00 -1.233121577720256212e+00
1.100921835360322731e+00 -1.202076645628305629e+00
1.103248296911770066e+00 -1.049193686181997709e+00
1.113421933646420836e+00 -9.024158870811448407e-01
1.113491697011132153e+00 -1.043393812957119415e+00
1.113932648744678566e+00 -8.997151626503125943e-01
1.115319543215895770e+00 -1.044068744088419542e+00
1.115626112800998992e+00 -9.690863327301211250e-01
1.119218959643105471e+00 -1.157638929673216577e+00
1.121450543611618222e+00 -9.633356072832706118e-01
1.122014483351768899e+00 -8.898984218059383666e-01
1.122067637315447897e+00 -1.020276779401906087e+00
1.122406366350001239e+00 -9.374788572953949295e-01
1.122423234526781943e+00 -1.038060253462787852e+00
1.122555963795436984e+00 -8.563991965691342134e-01
1.124277646008665865e+00 -8.251506384406409600e-01
1.133648768905914039e+00 -9.886194737262042898e-01
1.136347333224749789e+00 -1.077606214725925993e+00
1.140737463109351868e+00 -8.271761745041511515e-01
1.142880892533276516e+00 -1.074860096135977328e+00
1.143065579702543744e+00 -7.795196936327517534e-01
1.148909532130244049e+00 -9.181914114628261236e-01
1.157199427747754861e+00 -7.306351228232571549e-01
1.157448524380623400e+00 -7.204377073588025260e-01
1.158150626955843698e+00 -7.193462610374725674e-01
1.162547543816791151e+00 -6.955044928127581683e-01
1.167430959284811109e+00 -1.190640778535871247e+00
1.176377994524197668e+00 -6.496520349035213027e-01
1.179035704037955767e+00 -7.345462171677238361e-01
1.179679513257374524e+00 -8.033658544315886996e-01
1.182269184229431946e+00 -6.814471558724709555e-01
1.187999118985207936e+00 -5.189452277386066292e-01
1.195934912246078063e+00 -4.097619311633394767e-01
1.196358664950149198e+00 -5.443865116575680174e-01
1.196838337772051730e+00 -4.880629629344240827e-01
1.198552452025112292e+00 -7.759840081466797823e-01
1.201915891316581941e+00 -3.657431232774401852e-01
1.204732240316241931e+00 -5.231182350175104245e-01
1.207881175207303759e+00 -4.855501275108669579e-01
1.210163681842013617e+00 -2.732874684000109466e-01
1.213362904952698607e+00 -2.451611171493395802e-01
1.217449914688317758e+00 -2.848492268587234366e-01
1.219427233224460227e+00 -3.883958635915690238e-01
1.225441435799753176e+00 -2.852551589586643788e-01
1.225753684832328272e+00 -3.044507501820750694e-01
1.227737796843342277e+00 -1.942836531308708703e-01
1.230953765058175886e+00 -4.224290695438085996e-01
1.236517160447457631e+00 -2.182155305321436256e-01
1.238392283744389033e+00 -1.042130659622961530e-01
1.238590229344906479e+00 -7.487401883902966571e-02
1.239403276828039413e+00 -3.915214139319517228e-02
1.254363499467936460e+00 -3.140508742996056535e-01
1.267263314934505392e+00 2.782248472817266949e-01
1.268593223773244461e+00 2.684117940762336674e-01
1.268610585160987902e+00 -1.632818242360982441e-01
1.283080907276946903e+00 -7.085943881918055354e-02
1.291291368842792053e+00 2.973512177877395968e-01
1.294779922048739262e+00 3.164304757077158747e-01
1.295507144992730453e+00 3.555915269351768160e-01
1.299195240603905788e+00 6.290117786031799163e-01
1.299386974909594095e+00 6.325910692872482866e-01
1.301623561218797409e+00 5.948360997019027652e-01
1.307909963133631503e+00 6.919759405704497546e-01
1.319919560174366957e+00 8.068793328800357711e-01
1.321936123027041887e+00 7.233147267569206562e-01
1.323744996771064386e+00 5.769612273902524624e-01
1.328794667899608761e+00 1.004944757550734202e+00
1.335856269762713211e+00 1.092277452176949826e+00
1.337640552092643986e+00 5.468757299950104400e-01
1.341093287694807845e+00 1.150113443926574108e+00
1.344045625212594075e+00 8.654227805407795904e-01
1.346114457981193890e+00 9.550452189512970147e-01
1.347593759149154469e+00 1.118189133705050686e+00
1.351051368367825134e+00 1.228208161825961486e+00
1.353492805703187418e+00 1.186241142550001904e+00
1.357630479734368567e+00 1.344471558640708775e+00
1.358899821933453822e+00 1.394777702698914545e+00
1.363079931891520769e+00 1.321165383528564385e+00
1.366778664376124386e+00 1.244681380185116204e+00
1.370244742152376904e+00 1.531275832266262515e+00
1.373135379937396205e+00 1.393138591901548873e+00
1.374113297076135609e+00 1.392854264332184844e+00
1.375585231731565550e+00 1.578966671743254668e+00
1.378625529420728135e+00 1.352341579451540987e+00
1.381306049960878468e+00 1.699539766850258982e+00
1.383281803087352824e+00 1.669139499866094223e+00
1.386987959626643452e+00 1.728165636832573515e+00
1.388474705530719167e+00 1.829267688743845266e+00
1.391582858346181784e+00 1.413955089330198867e+00
1.392829754893191385e+00 1.810879717898051133e+00
1.400613115271942100e+00 1.924468687062556027e+00
1.407143874156575603e+00 2.037119010052047319e+00
1.413252078020121871e+00 2.032455758815093994e+00
1.414147133824689373e+00 2.147081158212821528e+00
1.415129529135431330e+00 2.112064700165643405e+00
1.417468249576840034e+00 2.133088599122252571e+00
1.420307661917707520e+00 2.236716184606806657e+00
1.423393775588238874e+00 2.122320918008115065e+00
1.423867597804515217e+00 2.260533708138784181e+00
1.424197176605328963e+00 2.268293821684505218e+00
1.430119965731530662e+00 2.354045206289315573e+00
1.431804462415440238e+00 2.289293543318711155e+00
1.434211679047119326e+00 1.937644677520061531e+00
1.435721683276137917e+00 2.421501879162117898e+00
1.436041289244561536e+00 2.464987008097010879e+00
1.438805070709297418e+00 2.355223107050400611e+00
1.443453656445309985e+00 2.350008633611114561e+00
1.443791364992304871e+00 2.430635083463343449e+00
1.445716255772269143e+00 2.631063440550684529e+00
1.447474137460480925e+00 2.465433644372308830e+00
1.449236741394035022e+00 2.393989213684769801e+00
1.456349099026025051e+00 2.559228517113761203e+00
1.457522113510218098e+00 2.306531226233892617e+00
1.462588331417535414e+00 2.534310786372332647e+00
1.463468636196010308e+00 2.706662203047267123e+00
1.465348352711244750e+00 2.844287211147457750e+00
1.466604360846412547e+00 2.875208459145553785e+00
1.468456805912059959e+00 2.888107178597275837e+00
1.470834729370203764e+00 2.847725283087190196e+00
1.473157346449952776e+00 2.952936457360153977e+00
1.473425583277808038e+00 2.873512727814707901e+00
1.474507388964350074e+00 2.900355876647877640e+00
1.475723124810046638e+00 2.818632766125234834e+00
1.485157606568858313e+00 2.831216031358974483e+00
1.485470145583904777e+00 3.124005392915246038e+00
1.486247833040606370e+00 3.100728058687218791e+00
1.494783189089209152e+00 3.265963739742750338e+00
1.496045679868047706e+00 3.173100416521603684e+00
1.498538079941531986e+00 3.067891170341705109e+00
1.500236419197193083e+00 3.340078305894889077e+00
1.501092521268424296e+00 3.350357089055254978e+00
1.505672919538233234e+00 3.231679393555023427e+00
1.516823021700250962e+00 3.466774613900852842e+00
1.518607688356270025e+00 3.525490453517790002e+00
1.521508767521326355e+00 3.580859180970212385e+00
1.521882461608912163e+00 3.569160259139589009e+00
1.524586544280898792e+00 3.539624211872659298e+00
1.525915295429168150e+00 3.598613005954510946e+00
1.533060930890670193e+00 3.498773976095343130e+00
1.535375627333831261e+00 3.683655572331244077e+00
1.542412492889188247e+00 3.794667309185813409e+00
1.550321745174623178e+00 3.830695336921495109e+00
1.551156477965137004e+00 3.647984450178995530e+00
1.553288757248442398e+00 3.468337545388320731e+00
1.554501060745962615e+00 3.908722626377244769e+00
1.563018070876632137e+00 3.600234963648164310e+00
1.567618968919144429e+00 3.962245611197717121e+00
